Outlets,website,monthlyOrganicClicks,monthlyPaidClicks,totalClicks
SHEfinds,https://www.shefinds.com/,251500,0,251500
Vegamour Blog,https://vegamour.com/,59890,20750,80640
Radio am&fm,https://streema.com/,284800,3142,287942
Breadcrumbs,https://www.smashingmagazine.com/2009/03/breadcrumbs-in-web-design-examples-and-best-practices/,591200,0,591200
Prevention,https://www.prevention.com/,1863000,115000,1978000
Sip Bite Go,https://sipbitego.com/,117300,0,117300
Boove UK,https://boove.co.uk/,866,0,866
Levi Keswick,https://levikeswick.com/,2407,0,2407
Business Post (Ireland),https://www.businesspost.ie/,3096,0,3096
Livingetc,https://www.livingetc.com/,195900,0,195900
AskMen,https://www.askmen.com/,384200,0,384200
New York Post,https://nypost.com/,9113000,2,9113002
aginginplace.org,https://aginginplace.org/,136600,0,136600
Parade,https://parade.com/,7378000,0,7378000
Healthline,https://www.healthline.com/,42810000,92410,42902410
CEO Blog Nation,https://ceoblognation.com/,2355,0,2355
MetLife,https://www.metlife.com/,391100,29930,421030
CMSWire,https://www.cmswire.com/,94700,0,94700
Coveteur,https://coveteur.com/,162300,0,162300
Famadillo,https://famadillo.com/,2955,0,2955
Bills.com,https://www.bills.com/,48460,0,48460
The Zoe Report,https://www.thezoereport.com/,526400,0,526400
Home Cook World,https://homecookworld.com/,48040,0,48040
Next City,https://nextcity.org/,43870,3822,47692
Psych Central,https://psychcentral.com/,1655000,60,1655060
NurseJournal,https://nursejournal.org/,181900,8,181908
Cogneesol,https://www.cogneesol.com/,2050,0,2050
Magazine,https://time.com/,10050000,13110,10063110
In The Know by Yahoo,https://www.intheknow.com/,593900,0,593900
Lifewire,https://www.lifewire.org/,1806,0,1806
ClothedUp,https://clothedup.com/,140900,0,140900
AARP,https://www.aarp.org/,3803000,339100,4142100
Verywell Mind,https://www.verywellmind.com/,7270000,12,7270012
CNN Underscored,https://www.cnn.com/cnn-underscored,25840000,3300,25843300
Bankrate,https://www.bankrate.com/,8635000,463600,9098600
The E-Comm Boardroom,https://www.ecommboardroom.com/,1067,0,1067
Benzinga,https://www.benzinga.com/,2536000,13919,2549919
NurseJournal.org,https://nursejournal.org/,181900,8,181908
Woman's Day,https://www.womansday.com/,1994000,4668,1998668
PRNEWS.IO,https://prnews.io/,16339,84,16423
Successful Black Parenting,https://successfulblackparenting.com/,1085,0,1085
VegNews,https://vegnews.com/,401400,0,401400
Times of San Diego,https://timesofsandiego.com/,317600,0,317600
Club Meh,https://www.club-meh.com/,2,0,2
Green Global Travel,https://greenglobaltravel.com/,94340,0,94340
The Nurse's Purse,https://www.pinterest.com/pin/12-accessories-to-help-nurses-get-organized--252201647859729622/,207000000,130500,207130500
SolutionSuggest.com,https://solutionsuggest.com/,22170,0,22170
Supermarket News,https://www.supermarketnews.com/,377800,0,377800
Mortgage Research Center,https://www.mortgageresearch.com/,875,0,875
The Story Exchange,https://thestoryexchange.org/,6758,708,7466
BestColleges,https://www.bestcolleges.com/,1613999,2942,1616941
RetailMeNot,https://www.retailmenot.com/,8724000,1168000,9892000
Medical News Today,https://www.medicalnewstoday.com/,19480000,5367,19485367
DoubleBlind,https://doubleblindmag.com/,58240,56,58296
Wired,https://www.wired.com/,9514000,5397,9519397
Women Fitness,https://womensfitness.co.uk/,3060,0,3060
Yahoo Lifestyle,https://www.yahoo.com/lifestyle/,62220000,10340000,72560000
SI Showcase,https://www.si.com/showcase/author/sponsorship-disclaimer,7286000,213,7286213
Millie,https://www.gomillie.com/,6014,0,6014
VP Medium.com,https://en.wikipedia.org/wiki/Medium_(website),847100000,8,847100008
Southern Living,https://www.southernliving.com/,2862000,0,2862000
HowStuffWorks,https://www.howstuffworks.com/,5816000,3456000,9272000
MindBodyGreen,https://www.mindbodygreen.com/,2768000,2439,2770439
Celebrate Woman Today,https://www.internationalwomensday.com/,35710,0,35710
Business Traveller,https://www.businesstraveller.com/,76710,0,76710
Managing Editor Magazine,https://managingeditor.com/,602,0,602
Wealth Management,https://www.wealthmanagement.com/,120100,0,120100
House of Debt,https://houseofdebt.org/,92080,0,92080
Disruptor News,https://www.cnbc.com/cnbc-disruptors/,28640000,997,28640997
Formulate.co,https://www.formulate.co/,20090,235,20325
InStyle,https://www.instyle.com/,1860999,0,1860999
NativePath,https://www.nativepath.com/,8078,4115,12193
babygearlab.com,https://www.babygearlab.com/,126500,0,126500
hubspot,https://www.hubspot.com/products/cms,7398000,22940,7420940
Vox,https://www.vox.com/,6895000,7,6895007
HelloBark!,https://hellobark.com/,74750,0,74750
Smartsheet,https://www.smartsheet.com/,593200,91830,685030
Shape,https://www.shape.com/,1089000,0,1089000
DailyOM,https://www.dailyom.com/,22280,6622,28902
Gladskin,https://gladskin.com/,3287,1277,4564
Circle Magazine and Thought Catalog,https://thoughtcatalog.com/,941200,0,941200
Livestrong.com,https://www.livestrong.com/,2531000,0,2531000
DocPro.com,https://docpro.com/,9449,0,9449
The Huntington News,https://huntnewsnu.com/,37970,0,37970
Spiralytics,https://www.spiralytics.com/,7190,1,7191
BizTech,https://www.ubcbiztech.com/,3,0,3
The Spruce,https://www.thespruce.com/,9181000,49530,9230530
McKesson Medical-Surgical online,https://www.mckesson.com/,407900,2378,410278
Expert Marketer Magazine,https://www.inc.com/murray-newlands/30-expert-marketers-you-should-follow-on-linkedin-and-twitter.html,2023000,1201,2024201
Yahoo! Finance,https://finance.yahoo.com/,62220000,10340000,72560000
SHRM Online,https://www.shrm.org/,1461000,3506,1464506
BanklessTimes.com,https://www.banklesstimes.com/,25290,0,25290
The US Sun,https://www.the-sun.com/,6768000,0,6768000
Kickoff,https://www.trainwithkickoff.com/,4685,4074,8759
Gift Bee,https://yourgiftbee.com/,9,0,9
Bloch,https://us.blochworld.com/,39300,23730,63030
TravelAge West,https://www.travelagewest.com/,177100,0,177100
NerdWallet,https://www.nerdwallet.com/,11300000,920400,12220400
The Globe and Mail,https://www.theglobeandmail.com/,784200,4343,788543
Growers Talk,https://www.growertalks.com/,9109,0,9109
Food and wine,https://www.foodandwine.com/,2869000,0,2869000
CyberNews,https://cybernews.com/,769000,129500,898500
Them Magazine,https://www.them.us/,376900,0,376900
KnockLA,https://knock-la.com/,14900,0,14900
The food institute,https://foodinstitute.com/,13619,0,13619
The Atlantic,https://www.theatlantic.com/,7599000,9132,7608132
Capterra,https://www.capterra.com/,3029000,172600,3201600
The Washington Post,https://www.washingtonpost.com/,21020000,64500,21084500
Keeper Tax,https://www.keepertax.com/,120200,2,120202
Lattice,https://lattice.com/,47910,7221,55131
Family Handyman,https://www.familyhandyman.com/,3286000,1449,3287449
Popular Mechanics,https://www.popularmechanics.com/,2232000,437200,2669200
The Vitamin Shoppe,https://www.vitaminshoppe.com/,697100,145600,842700
Company website,https://www.wix.com/,1436000,693400,2129400
The National,https://americanmary.com/,16490,0,16490
Organic Aromas Blog,https://organicaromas.com/blogs/aromatherapy-and-essential-oils/,9937,7,9944
Happify - The Upside,https://www.happify.com/public/the-upside/,51540,614,52154
Home Business Magazine Online,https://homebusinessmag.com/,8663,0,8663
Life With Kathy,https://lifewithkathy.com/,2211,0,2211
Chicago Tribune Primetime,https://www.chicagotribune.com/sports/bears/ct-cb-chicago-bears-2022-schedule-predictions-20220512-uh5tkm3fzjcx5d6ruaguyfjzrq-story.html,3267000,22050,3289050
BioSpace,https://www.biospace.com/,308200,0,308200
Self,https://www.self.com/,2601000,0,2601000
Equal Opportunity,https://www.eeoc.gov/,699400,0,699400
SC Magazine - Online,https://www.scmagazine.com/,85240,0,85240
Bottom Line Health,https://bottomlineinc.com/,15340,0,15340
Connection Newspapers,http://www.connectionnewspapers.com/,23030,0,23030
Money,https://money.com/,1522000,123200,1645200
Consumer Boomer,https://consumerboomer.com/,7598,0,7598
https://www.onlineu.com/,https://www.onlineu.com/,79360,5456,84816
SmarterTravel.com,https://www.smartertravel.com/,172300,0,172300
Community Health Magazine,https://www.communityhealthmagazine.com/,1132,0,1132
Website Magazine,https://www.websitemagazine.com/,4775,90,4865
Onlineu.com,https://www.onlineu.com/,79360,5456,84816
Wine Country This Month - NorCal Edition,https://www.winecountrythisweek.com/magazines,1581,0,1581
Best accent chairs for large living room,https://www.cnn.com/cnn-underscored/home/best-accent-chairs,25840000,3300,25843300
moveBuddha,https://www.movebuddha.com/,121800,7652,129452
smartsheet,https://www.smartsheet.com/,593200,91830,685030
Food & Wine,https://www.foodandwine.com/,2869000,0,2869000
About Time Magazine,https://time.com/,10050000,13110,10063110
ClearwayLaw,https://clearwaylaw.com/,709,0,709
BarandRestaurant.com,https://www.barandrestaurant.com/,23130,0,23130
M/I Homes,https://www.mihomes.com/,57130,2478,59608
people.com,https://people.com/,13390000,259,13390259
House Beautiful,https://www.housebeautiful.com/,2021000,147100,2168100
Food Network,https://www.foodnetwork.com/,10920000,3592,10923592
Maven,https://maven.apache.org/,1217000,0,1217000
Software Advice,https://www.softwareadvice.com/,1978000,37600,2015600
Mansion Global,https://www.mansionglobal.com/,250199,0,250199
HelloGiggles,https://hellogiggles.com/,493900,0,493900
Morning Brew,https://www.morningbrew.com/,87460,880,88340
NTD Television,https://mb.ntd.com/,21620,0,21620
US News Real Estate,https://realestate.usnews.com/,33720000,17550,33737550
Sparkrental,https://sparkrental.com/,37510,0,37510
https://medium.com/@lisarennau31,,,,
The Hospitalist,https://www.the-hospitalist.org/,26840,0,26840
Celebrity Parents Magazine,https://celebrityparentsmag.com/,2980,0,2980
Security Boulevard,https://securityboulevard.com/,95210,0,95210
HomeSnacks.com,https://www.homesnacks.com/,79860,0,79860
Big News Network,https://www.cnn.com/,25840000,3300,25843300
the NEAT blog,https://www.neat.com/blog/,25230,32610,57840
Woodworking Clarity,https://woodworkingclarity.com/,107800,0,107800
ComputerScience.org,https://www.computerscience.org/,142400,0,142400
Patient Power,https://www.patientpower.info/,10710,1210,11920
Inc.,https://www.inc.com/,2023000,1201,2024201
Cocosign,https://cocosign.com/,28320,0,28320
Newsletter,https://substack.com/,1078000,550,1078550
STX Next,https://www.stxnext.com/blog,13390,59,13449
Studio/B at Boston Globe Media,https://www.bostonglobemedia.com/brands/studiob/,5079,0,5079
Next Avenue,https://www.nextavenue.org/,71630,0,71630
Men's Journal Online,https://www.mensjournal.com/,1646000,173,1646173
BeenVerified,https://www.beenverified.com/,200400,1076000,1276400
AllWork.Space,https://allwork.space/,10280,0,10280
BizBash,https://www.bizbash.com/,176700,47,176747
Tearsheet,https://tearsheet.co/,20040,0,20040
ClinicSpots,https://www.clinicspots.com/,9613,1,9614
AskMyAdvisor,http://www.askmyadvisor.net/,14,0,14
Animalz,https://www.animalz.co/,5007,0,5007
Real Homes - realhomes.com,https://www.realhomes.com/us,360200,0,360200
Tapinto Newark,https://www.tapinto.net/towns/newark,705200,0,705200
CommercialCafe,https://www.commercialcafe.com/,595200,2108,597308
The Hartford Extra Mile,https://extramile.thehartford.com/,587900,358300,946200
First for Women,https://www.firstforwomen.com/,75790,85,75875
Weedmaps News,https://weedmaps.com/,1290000,0,1290000
Do you own or work for a business?,https://www.usa.gov/start-business,4987000,0,4987000
TV Tokyo America,https://en.wikipedia.org/wiki/TV_Tokyo,847100000,8,847100008
InsideHook,https://www.insidehook.com/,511200,0,511200
Travel Mamas,https://travelmamas.com/,40190,0,40190
Brick and Mortar Reborn,https://brickandmortarreborn.com/blog/podcast/podcast-75-bissett-financial-fitness-founder-tracey-bissett-how-brick-and-mortar-retailers-can-become-financially-fit/,22,0,22
Cheapism,https://www.cheapism.com/,396100,0,396100
Muscle and Health magazine,https://muscleandhealth.com/,3755,0,3755
HealthyWomen.org,https://www.healthywomen.org/,108800,10960,119760
FARM STAR LIVING,https://www.farmstarliving.com/,3889,0,3889
New Jersey Family,https://www.njfamily.com/,62290,0,62290
Funny Life Coach Blog,https://www.jenniferldougherty.com/the-funny-life-coach-blog,131,0,131
InSytle,https://www.instyle.com/,1860999,0,1860999
The Lemonade Blog,https://www.lemonade.com/blog/,167100,266300,433400
Simon & Schuster,https://www.simonandschuster.com/,2251000,0,2251000
Inside Hook,https://www.insidehook.com/,511200,0,511200
Healthy Women,https://www.healthywomen.org/,108800,10960,119760
Essence Magazine,https://www.essence.com/,1039000,1419,1040419
Small biz trends,https://smallbiztrends.com/,553400,0,553400
TIME magazine,https://time.com/,10050000,13110,10063110
Cyber Security Hub - CSHub.com,https://www.cshub.com/,10500,0,10500
Sports Illustrated,https://www.si.com/,7286000,213,7286213
Thrillist,https://www.thrillist.com/,5119000,0,5119000
BBC,https://www.bbc.com/,16769999,977,16770976
openlearning,https://www.openlearning.com/,1618,1,1619
Living Cozy,https://www.livingcozy.com/,125200,0,125200
WhatASleep (Australia),https://whatasleep.com.au/,11150,0,11150
Ecommerce site owners,https://www.referralcandy.com/blog/6-habits-ecommerce-owners,43330,117,43447
ProjectorScreen.com,https://www.projectorscreen.com/,40360,4601,44961
Pollthepeople.app,https://pollthepeople.app/,1232,105,1337
Vox Media,https://corp.voxmedia.com/,48480,0,48480
Business.com,https://www.business.com/,337000,15910,352910
MIC,https://www.mic.com/,755300,0,755300
Rocket Homes,https://www.rockethomes.com/,933000,2371,935371
ShortDot,https://shortdot.bond/,2463,0,2463
Medium - Spirituality 101,https://johnholland.com/,956,0,956
Very Well Fit,https://www.verywellfit.com/,3549000,3725,3552725
Composites Weekly,https://compositesweekly.com/,625,0,625
World News Era,https://worldnewsera.com/,39370,0,39370
reuters,https://reuters.com/,13580000,1217,13581217
Finding Balances,https://www.findingbalance.com/,891,0,891
HCPro,http://hcmarketplace.com/,8116,0,8116
MSDynamicsWorld.com,https://msdynamicsworld.com/,7639,0,7639
Winetraveler,https://www.winetraveler.com/,45850,0,45850
Narrato,https://narrato.io/,4189,53,4242
Today Media,https://www.socialmediatoday.com/,475000,0,475000
Association of National Advertisers,https://www.ana.net/,38870,49,38919
Los Angeles Times,https://www.latimes.com/,11340000,12609,11352609
How SMBs can keep their workforce engaged despite the Quiet Quitting trend,https://egnow.com/4-ways-companies-can-reduce-quiet-quitting/,2501,4,2505
Paceline,https://paceline.fit/,978,0,978
SheKnows Media,https://www.shemedia.com/,1538,0,1538
Internet Retailer,https://www.digitalcommerce360.com/internet-retailer/,195200,39,195239
INVONEWS,https://www.facebook.com/invonewz/,340500000,204200,340704200
Where Traveler,https://www.wheretraveler.com/,221600,0,221600
Poll the People,https://pollthepeople.app/,1232,105,1337
New Jersey Realtor Magazine,https://www.njrealtor.com/membership/new-jersey-realtor-magazine/,17630,0,17630
Mic,https://www.mic.com/,755300,0,755300
Authority Hacker,https://www.authorityhacker.com/,56470,0,56470
Canva,https://www.canva.com/,6158000,266800,6424800
social tables,https://www.socialtables.com/,104200,572,104772
Garage Gym Reviews,https://www.garagegymreviews.com/,342500,1630,344130
the Wyoming Truth,https://wyomingtruth.org/,508,98,606
Salesmate,https://www.salesmate.io/,18440,588,19028
AI Business,https://aibusiness.com/,5809,5,5814
VIA Magazine,https://mwg.aaa.com/via,3252000,548500,3800500
Nike.com,https://www.nike.com/,5911999,2929000,8840999
USA Today - Travel Online,https://www.usatoday.com/,21890000,2100,21892100
BuzzFeed News,https://www.buzzfeednews.com/,2632000,0,2632000
www.eop.com,https://www.eop.com/,2067,0,2067
Great Pet Care,https://www.greatpetcare.com/,392900,4234,397134
Your Number Story,https://numberstory.org/,581,0,581
www.scarysymptoms.com,https://scarysymptoms.com/,47040,0,47040
Editorialist,https://editorialist.com/,312800,0,312800
MyItaly,https://www.myitalyselection.se/,9,0,9
Today,https://www.today.com/,6989000,23,6989023
Cradlewise.com,https://cradlewise.com/,2738,72,2810
Nethunt,https://nethunt.com/,29809,1,29810
The Paper Gown,https://www.zocdoc.com/blog/,3876000,64340,3940340
Jotform,https://www.jotform.com/,877300,45780,923080
Muscle and Health global retail and online winter issues,https://muscleandhealth.com/,3755,0,3755
One Drop Blog,https://onedrop.today/,10060,23680,33740
The Right Hairstyles,https://therighthairstyles.com/,713900,0,713900
GoDaddy,https://www.godaddy.com/,1391000,609300,2000300
BestLIfe,https://bestlifeonline.com/,1815000,0,1815000
Animal Wellness Magazine,https://animalwellnessmagazine.com/,42560,0,42560
Breathe,https://ceo.lacounty.gov/pai/breathe/,1813000,1,1813001
msn,https://www.msn.com/en-us,3358999,10720,3369719
bestcolleges.com,https://www.bestcolleges.com/,1613999,2942,1616941
Health eCareers editorial,https://www.healthecareers.com/,60990,7174,68164
el Restaurante Magazine,https://elrestaurante.com/,3651,0,3651
Sleep Number,https://www.sleepnumber.com/,185300,596600,781900
SuperMoney,https://www.supermoney.com/,406200,13800,420000
LIVESTRONG.com,https://www.livestrong.com/,2531000,0,2531000
The Assembly,https://nyassembly.gov/,118100,0,118100
REALTOR Magazine,https://magazine.realtor/,18680,0,18680
sticky.io blog,https://www.sticky.io/blog-tags/tips-strategies,1378,246,1624
The hercampus,https://www.hercampus.com/,238600,0,238600
Create & Cultivate,https://www.createcultivate.com/,9122,0,9122
SingleCare The Checkup,https://www.singlecare.com/blog/tag/singlecare/,2014000,42370,2056370
Baltimore Child Magazine,https://www.baltimoreschild.com/,8333,0,8333
Simplistically Living,https://www.simplisticallyliving.com/,40080,0,40080
Breeze,https://www.flybreeze.com/,38840,849,39689
1889 The Washington Magazine,https://1889mag.com/,2400,0,2400
SaaS Industry,https://saasindustry.com/,4572,0,4572
LA Television News,https://ktla.com/,1190000,2393,1192393
Associated Press (AP),https://apnews.com/,7352000,0,7352000
Inman News,https://www.inman.com/,179700,238,179938
TWICE - This Week in Consumer Electronics,https://en.wikipedia.org/wiki/Twice_(magazine),847100000,8,847100008
Twill Care,https://www.twill.net/,11530,1229,12759
Consumer Reports,https://www.consumerreports.org/,6546000,226800,6772800
NCOA.org,https://www.ncoa.org/,246800,7558,254358
GetProspect Blog,https://getprospect.com/blog,57120,0,57120
CRM Magazine,https://www.destinationcrm.com/,15480,0,15480
Twill.Care,https://www.twill.health/twill-care,1212,705,1917
ResumeBuiler,https://www.resumebuilder.com/,205900,0,205900
Tips about business marketing in 2022,https://blog.hubspot.com/marketing/small-business-marketing-guide,7398000,22940,7420940
Can Tech International,https://www.cantechonline.com/,1476,0,1476
My Home Office Hacks,https://www.hgtv.com/lifestyle/clean-and-organize/10-steps-to-an-organized-home-office,3677000,20770,3697770
https://www.dooly.ai/blog/,https://www.dooly.ai/,2940,492,3432
Hootsuite Blog,https://blog.hootsuite.com/,2314000,29330,2343330
NTD News Today,https://mb.ntd.com/,21620,0,21620
Behind the Impact Podcast,https://www.hashtagimpact.com/podcasts-full-story-behind-impact-podcast-with-regina-larko/,355,0,355
The Sociable,https://sociable.co/,10460,0,10460
The Budget Savvy Bride,https://thebudgetsavvybride.com/,97460,0,97460
Analysis of b2c marketing in 2022,https://blog.hubspot.com/marketing/b2c-marketing-trends,7398000,22940,7420940
ELLE,https://www.elle.com/,3106999,19840,3126839
City A.M.,https://www.cityam.com/,53400,0,53400
Outsource Accelerator,https://www.outsourceaccelerator.com/,20060,873,20933
Leafly,https://www.leafly.com/,2297000,0,2297000
Clearway,https://www.clearwayenergygroup.com/,2243,0,2243
HelloGiggles.com,https://hellogiggles.com/,493900,0,493900
toe beans,https://www.toe-beans.com/,9023,0,9023
diaTribe,https://diatribe.org/,108300,527,108827
Expert share view on ecommerce trends,https://www.bigcommerce.com/articles/ecommerce/ecommerce-trends/,823800,126500,950300
Petloverguy.com,https://petloverguy.com/,32090,0,32090
Kiplinger's Retirement Report,https://www.kiplinger.com/,1870000,2242,1872242
Local Profile,https://www.google.com/business/,485000000,1981000,486981000
Muscle and Health Winter retail and online issues,https://muscleandhealth.com/,3755,0,3755
Mendon-Honeoye Fall-Lima Sentinel,https://mhflsentinel.com/,1864,0,1864
OnlineU,https://www.irs.gov/businesses/small-businesses-self-employed/apply-for-an-employer-identification-number-ein-online,15880000,2249,15882249
Optum Perks,https://perks.optum.com/,501600,67820,569420
How to use Tiktok marketing in 2022,https://www.shopify.com/uk/blog/tiktok-marketing,4438000,863500,5301500
Womens Health,https://www.womenshealthmag.com/,4612000,132600,4744600
Northeast Equestrian Life Magazine,https://www.facebook.com/NEEquestrianLife/,340500000,204200,340704200
MomCave TV,https://www.momcavetv.com/,1288,0,1288
Reviewed,https://www.reviewed.com/,1813000,79660,1892660
Them.us,https://www.them.us/,376900,0,376900
Auto Remarketing,https://www.autoremarketing.com/,71450,0,71450
Digital: Disrupted Podcast,https://www.asg.com/en/Resources/Podcasts.aspx,6022,1,6023
ChaChingQueen (and AP),https://www.pinterest.com/pin/186688347040862873/,207000000,130500,207130500
MinorityNurse.com/DailyNurse.com/Springer Publishing,https://www.springerpub.com/advertising,97010,1323,98333
Western Food Processor Magazine,http://www.westernfoodprocessor.ca/,7,0,7
Spectrum Business insights,https://www.spectrum.com/business/insights/,2569000,1418000,3987000
Spark Paws Blog,https://www.sparkpaws.com/,9122,1772,10894
Crain's New York Business,https://www.crainsnewyork.com/,116200,0,116200
SHRM Blog,https://blog.shrm.org/,1461000,3506,1464506
Chegg's Life,https://www.chegg.com/,7221000,909900,8130900
SD Times,https://sdtimes.com/,17040,0,17040
Anand Bhatt's Ready for the Red Carpet Blog,https://anandbhatt.skyrock.com/,23450,0,23450
Twill / Happify Health,https://www.twill.health/,1212,705,1917
PBS,https://www.pbs.org/,9191000,6752,9197752
Brides.com,https://www.brides.com/,2824000,76,2824076
The Food Institute,https://foodinstitute.com/,13619,0,13619
Glyterrati,https://www.oreilly.com/pub/au/2160,1583000,351300,1934300
Data Driven U,https://www.datadrivenu.com/,28620,0,28620
Inverse,https://www.inverse.com/,4048000,0,4048000
Chegg's Life Section,https://www.chegg.com/,7221000,909900,8130900
Souvenirs,https://www.citysouvenirs.com/,7876,0,7876
Safeandvaultstore.com,https://www.safeandvaultstore.com/,41450,8494,49944
GoodBuy Gear,https://goodbuygear.com/,46520,867,47387
website onlineu.com,https://www.onlineu.com/,79360,5456,84816
ALHI,https://www.alhi.com/,11220,0,11220
CEO Update,https://ceoupdate.com/,1102,0,1102
alive,https://www.alivecu.coop/,1606,0,1606
Unstack,https://www.unstack.com/,4863,4,4867
Istinomer,https://www.facebook.com/journalismproject/programs/third-party-fact-checking/innovation-initiative-istinomer-serbia,340500000,204200,340704200
Wirecutter,https://www.nytimes.com/wirecutter/,52780000,296100,53076100
WEAVE,https://www.getweave.com/,28760,2311,31071
Firewall Times,https://www.nytimes.com/2017/03/31/insider/the-new-york-times-vs-the-great-firewall-of-china.html,52780000,296100,53076100
Wealth Of Geeks,https://wealthofgeeks.com/,227900,0,227900
Organic Authority,https://www.organicauthority.com/,84360,0,84360
ContourMD,https://contourmd.com/,5659,442,6101
WorkingNation,https://workingnation.com/,4405,0,4405
online real estate site,https://www.zillow.com/,19790000,2693000,22483000
Windermere Living,https://www.windermere-apartmentliving.com/,1071,0,1071
Figures,https://www.sideshow.com/,1037000,8892,1045892
Juicing Journal,https://www.juicingjournal.com/,31630,0,31630
Rover The Dog People,https://www.rover.com/blog/,1632000,75040,1707040
Chef Denise,https://www.chefdenise.com/,13810,0,13810
Senior Executive,https://seniorexecutive.com/,2900,0,2900
Notifier,https://www.securityandfire.honeywell.com/notifier/en-us,389300,13320,402620
Greatpetcare,https://www.greatpetcare.com/,392900,4234,397134
Hostinger,https://www.hostinger.com/,886600,1255,887855
FiNTECH,https://fintech.com/,14520,28,14548
Voice America Radio Network,https://www.voiceamerica.com/company/about,15079,0,15079
Aluminium International Today,https://aluminiumtoday.com/,838,0,838
Logitech.com,https://www.logitech.com/en-us,935000,42640,977640
MSN,https://www.msn.com/en-us,3358999,10720,3369719
Spyic,https://spyic.com/,6434,1459,7893
Wedding Spot Blog,https://www.wedding-spot.com/blog/how-to-plan-a-wedding,441900,2314,444214
National Holiday Gift Guide,https://savingplaces.org/stories/holiday-shopping-at-the-historic-sites-2021-gift-guide,105900,3227,109127
IT Business Edge,https://www.itbusinessedge.com/,14610,0,14610
WebMD,https://www.webmd.com/,39880000,59360,39939360
Analysis of facebook marketing,https://www.facebook.com/business/help/318580098318734,340500000,204200,340704200
USA Today's YES weekly shopper,https://www.yesweekly.com/,50330,0,50330
SeroVital blog,https://www.serovital.com/blogs/blog,4347,3721,8068
Faxage,https://www.faxage.com/,5265,12300,17565
Cradlewise,https://cradlewise.com/,2738,72,2810
B2B Marketer,https://hingemarketing.com/blog/story/b2b-website-strategy-best-practices-for-user-experience,22040,0,22040
Baby Chick,https://www.baby-chick.com/,185200,0,185200
The World Financial Review,https://worldfinancialreview.com/,12770,0,12770
Upscale Living Magazine Online,https://www.upscalelivingmag.com/,17490,0,17490
https://blockchain.news/,https://blockchain.news/,17750,0,17750
Aura,https://www.aura.com/,93620,83280,176900
Bourbon Plus magazine,https://www.bourbonplus.com/,1875,0,1875
NectarHR,https://nectarhr.com/,14090,13,14103
New Degree Press,https://www.newdegreepress.com/,194,2,196
ExpatDen,https://www.facebook.com/expatden/,340500000,204200,340704200
Software Advice Blog,https://www.softwareadvice.com/resources/,1978000,37600,2015600
Interact,https://www.interactsoftware.com/,9261,123,9384
Logitech blog,https://blog.logitech.com/,935000,42640,977640
Beauty,https://www.maccosmetics.com/,304300,129099,433399
Influencer Marketing Hub,https://influencermarketinghub.com/,1107000,0,1107000
PeopleLooker,https://www.peoplelooker.com/,26510,537500,564010
KRON 4,https://www.kron4.com/,417200,0,417200
RealSimple,https://www.realsimple.com/,2171000,1,2171001
AAA The Extra Mile,https://cluballiance.aaa.com/the-extra-mile,3252000,548500,3800500
Wyoming truth,https://wyomingtruth.org/,508,98,606
Outranking AI SEO Content Platform,https://www.outranking.io/,5886,15,5901
Whatagraph,https://whatagraph.com/,41660,681,42341
TeleVet,https://televet.com/,3910,1,3911
BeenVerified.com,https://www.beenverified.com/,200400,1076000,1276400
Digital Commerce 360,https://www.digitalcommerce360.com/,195200,39,195239
Homes & Gardens - Online,https://www.bhg.com/,3269000,2407,3271407
YAhoo,https://www.yahoo.com/,62220000,10340000,72560000
Explore Magazine,https://www.pwcva.gov/department/library/explore-magazine,65090,0,65090
BMD Publishing,https://www.bmdpublishing.com/,16,0,16
Companionlink,https://www.companionlink.com/,25670,0,25670
Steadily Blog,https://steadycompounding.com/,253,0,253
Roku,https://www.roku.com/,6483000,644,6483644
Zola,https://www.zola.com/,778200,108400,886600
USA Today/10best.com,https://www.10best.com/awards/travel/,1660000,0,1660000
eddie,https://www.eddiebauer.com/,210600,359700,570300
Behavioral Health Business,https://bhbusiness.com/,9849,0,9849
Food and Wine,https://www.foodandwine.com/,2869000,0,2869000
Live Science,https://www.livescience.com/,6253000,0,6253000
HealthyHearing.com,https://www.healthyhearing.com/,199900,0,199900
Namely Blog,https://blog.namely.com/,47410,394,47804
This Lady Blogs,https://thisladyblogs.com/,1225,0,1225
Dark Reading,https://www.darkreading.com/,175400,0,175400
WW Canada (Weight Watchers),https://www.weightwatchers.com/ca/en/,613500,227600,841100
KOA,https://koa.com/,674300,43530,717830
i Advance Senior Care,https://www.iadvanceseniorcare.com/,2066,0,2066
The Times of Israel,https://www.timesofisrael.com/,621200,0,621200
Landy's Chemist,https://www.landyspharmacy.com/,49080,0,49080
ZDNet,https://www.zdnet.com/,3824000,66,3824066
AGD Impact,https://www.agd.org/,15609,125,15734
FreedomDebtRelief,https://www.freedomdebtrelief.com/,9706,0,9706
Sales & Marketing Management,https://salesandmarketing.com/,1748,0,1748
Baked Brewed Beautiful,https://bakedbrewedbeautiful.com/,3202,0,3202
ConvertFlow,https://www.convertflow.com/,10820,91,10911
GoNOMAD.com,https://www.gonomad.com/,66940,0,66940
Adventure.com,https://adventure.com/,17350,0,17350
GetProspect,https://getprospect.com/,57120,0,57120
Gift Shop Magazine,https://giftshopmag.com/,6974,0,6974
Hiver HQ,https://hiverhq.com/,411200,4415,415615
Arthritis Foundation website,https://www.arthritis.org/,524900,1613,526513
Buy Side from WSJ,https://www.wsj.com/buyside/home,11090000,161500,11251500
Health eCareers,https://www.healthecareers.com/,60990,7174,68164
Anonymous,https://en.wikipedia.org/wiki/Anonymous_(hacker_group),847100000,8,847100008
BUSINESS INSIDER,https://www.businessinsider.com/,27689999,1601,27691600
The Wall Street Journal,https://www.wsj.com/,11090000,161500,11251500
Forbes Health,https://www.forbes.com/health/about-us/,41480000,610900,42090900
CTW Features,https://www.mercurynews.com/author/ctw-features/,1918000,0,1918000
Toast Fried,https://www.toastfried.com/,4926,0,4926
Lifney,https://lifney.com/,1686,0,1686
MarketingSherpa,https://www.marketingsherpa.com/,8624,0,8624
Eat This,https://www.eatthismuch.com/,899600,2857,902457
SHEFinds.com,https://www.shefinds.com/,251500,0,251500
Salon.com,https://www.salon.com/,1181000,1,1181001
The Checkup,http://www.thecheckup.org/,1260,0,1260
Perfect Keto,https://perfectketo.com/,136300,10430,146730
InformationWeek,https://www.informationweek.com/,34560,0,34560
Apartment Therapy,https://www.apartmenttherapy.com/,1855000,119,1855119
TechTarget,https://www.techtarget.com/,10180000,2169,10182169
Hearst Magazines & Digital Media,https://www.hearst.com/magazines/hearst-magazines-digital-media,62080,0,62080
Fortune,https://fortune.com/,5289000,1143,5290143
USA Today Network,https://www.usatoday.com/,21890000,2100,21892100
The Mortgage Reports,https://themortgagereports.com/,416000,2458,418458
Better Homes and Gardens,https://www.bhg.com/,3269000,2407,3271407
Mattress Clarity,https://www.mattressclarity.com/,325900,32110,358010
Authority Magazine,https://medium.com/authority-magazine,20640000,286,20640286
Shondaland,https://www.shondaland.com/,166200,0,166200
Forbes.com,https://www.forbes.com/,41480000,610900,42090900
Modern Retail,https://www.modernretail.co/,113000,0,113000
OnlineU.com,https://www.onlineu.com/,79360,5456,84816
BrickUnderground,https://www.brickunderground.com/,89450,0,89450
NBC News Channel,https://www.nbcnews.com/,10750000,360,10750360
Byrdie,https://www.byrdie.com/,4716000,417,4716417
Blogilates,https://www.blogilates.com/,50870,0,50870
Caribbean Journal,https://www.caribjournal.com/,58730,0,58730
HealingMaps,https://healingmaps.com/,25570,0,25570
Galvanized,https://www.galvanize.com/,15120,118,15238
Frank Recruitment Group,https://www.frankgroup.com/,1573,303,1876
FreelanceDue Date: 2022-10-03 17:00:00,,,,
Partners in Fire,https://partnersinfire.com/,22670,0,22670
Yahoo! Finance Cost of Living,https://finance.yahoo.com/news/cost-of-living-crisis-how-to-save-money-on-tech-230111689.html,62220000,10340000,72560000
Huggg blog,https://www.huggg.me/blog,72,0,72
Digital Trends,https://www.digitaltrends.com/,12010000,5,12010005
Verywell Health,https://www.verywellhealth.com/,8606000,16570,8622570
Advanced Mixology,https://advancedmixology.com/,165300,0,165300
Verywell Fit,https://www.verywellfit.com/,3549000,3725,3552725
Merriam-Webster,https://www.merriam-webster.com/,144400000,1397,144401397
UserVoice,https://uservoice.com/,304200,487,304687
We Live to Build,https://www.welivetobuild.com/,12,0,12
US News and World,https://www.usnews.com/,33720000,17550,33737550
HJL Blog,https://m.facebook.com/CharacterDesignReferences/photos/849660611752008,340500000,204200,340704200
Media Management Group,https://www.mmgny.com/,83,0,83
Intelligent.com,https://www.intelligent.com/,102900,0,102900
The Shutterstock Blog,https://www.shutterstock.com/blog/,18910000,309200,19219200
Raising Runners Podcast,https://podcasts.apple.com/us/podcast/raising-runners/id1622808051,137000000,1671999,138671999
Zillow,https://www.zillow.com/,19790000,2693000,22483000
Washingtonian magazine,https://www.washingtonian.com/,630600,0,630600
StyleCraze,https://www.stylecraze.com/,2185000,0,2185000
Woman Getting Married,https://www.womangettingmarried.com/,87760,0,87760
Healthy Hearing,https://www.healthyhearing.com/,199900,0,199900
FiduciaryNews.com,https://fiduciarynews.com/,95,0,95
ny times,https://www.nytimes.com/,52780000,296100,53076100
Clean Plates,https://cleanplates.com/,53069,0,53069
dailyom,https://www.dailyom.com/,22280,6622,28902
Wintrust,https://www.wintrust.com/,21730,2173,23903
GoodRx,https://www.goodrx.com/,7206000,122300,7328300
Guest of a Guest,https://guestofaguest.com/,108600,0,108600
Bisnow,https://www.bisnow.com/,107800,0,107800
Student Lawyer Magazine,https://www.americanbar.org/products/sub/maga/110622/,1144000,649,1144649
Eye-Catching ways to Gain Attention to your online business,https://www.unstack.com/blog/10-eye-catching-ways-to-gain-attention-to-your-e-commerce-store,4863,4,4867
NBC News,https://www.nbcnews.com/,10750000,360,10750360
O.school,https://www.o.school/,56720,71,56791
Entrepreneur,https://www.entrepreneur.com/,1927000,10,1927010
GoodRx.com,https://www.goodrx.com/,7206000,122300,7328300
Singlecare,https://www.singlecare.com/,2014000,42370,2056370
Seeking expert in the dropshipping business space,https://learn.g2.com/how-to-start-a-dropshipping-business,6505000,3553,6508553
Irish Independent,https://www.independent.ie/,331400,0,331400
Prevention Online,https://www.prevention.com/,1863000,115000,1978000
Publishing Trends,https://www.publishingtrends.com/,1361,0,1361
A Sweat Life,https://asweatlife.com/,30840,0,30840
indy100,https://www.indy100.com/,462200,0,462200
Spy,https://www.spyoptic.com/,31460,8645,40105
AIHR,https://www.aihr.com/,82260,116,82376
Voices,https://www.voices.com/,151600,4838,156438
401 Que?,https://www.urbandictionary.com/define.php?term=401-Que%3F,30750000,0,30750000
Tourist Attractions and Parks,https://tapmag.com/,1113,0,1113
Home Inspection Insider,https://homeinspectioninsider.com/,157500,0,157500
Woman's World Online,https://www.womansworld.com/,237400,292,237692
Bloomberg News,https://www.bloomberg.com/,16560000,21960,16581960
mom.com,https://mom.com/,1227000,2039,1229039
Website Builder Expert,https://www.websitebuilderexpert.com/,314700,1759,316459
Arnab Ghosh,https://www.mskcc.org/cancer-care/doctors/arnab-ghosh,1234000,50860,1284860
TheStreet.com,https://www.thestreet.com/,2378000,9992,2387992
ICS Learn,https://www.icslearn.sg/,2,0,2
HR Daily Advisor,https://hrdailyadvisor.blr.com/,72790,1220,74010
Spectrum,https://www.spectrum.com/,2569000,1418000,3987000
Choosing Therapy,https://www.choosingtherapy.com/,473200,70,473270
Kaitlin Vogel - Freelance Health Journalist,https://muckrack.com/kaitlin-vogel,1405000,2039,1407039
AAA World,https://www.aaa.com/vacation/idpf.html,3252000,548500,3800500
Seasons,https://seasonskosher.com/,17720,0,17720
Business and Finance,https://finance.yahoo.com/,62220000,10340000,72560000
Tea and Coffee Trade Journal,https://www.teaandcoffee.net/,6583,0,6583
Inside Edition,https://www.insideedition.com/,237200,0,237200
Fast Company,https://www.fastcompany.com/,2411000,1422,2412422
TourScanner,https://tourscanner.com/,379200,20,379220
NetSuite Blog,https://www.netsuite.com/portal/resource/overview.shtml,528200,133300,661500
Skill Success Blog,https://www.skillsuccess.com/course/blog-post-ideas/,11470,1147,12617
Financial Times - FT Weekend,https://www.ft.com/,2932000,733,2932733
The Bump,https://www.thebump.com/,2488000,0,2488000
The Atlanta Journal-Constitution,https://www.ajc.com/,1827000,146,1827146
Credit Union Management,https://www.cumanagement.com/,2684,0,2684
Rover,https://www.rover.com/,1632000,75040,1707040
Dive In,https://www.divein.com/,232800,20,232820
Huffington Post,https://www.huffpost.com/,4957000,0,4957000
Rental Housing Magazine,https://rentalhousingjournal.com/,6146,0,6146
Digital Media Online,https://www.umgc.edu/online-degrees/bachelors/web-digital-design,279100,105400,384500
Shogun,https://getshogun.com/,45880,3014,48894
Livingetc - livingetc.com,https://www.livingetc.com/,195900,0,195900
Clever Real Estate,https://listwithclever.com/,284300,3367,287667
The Executive Centre,https://www.executivecentre.com/,2610,1,2611
FreeWill,https://www.freewill.com/,100600,32450,133050
Motherly,https://www.mother.ly/,251300,30,251330
Community Health Magazines,https://www.comhs.org/about-us/newsroom/healthy-community,57250,2,57252
NextAdvisor-TIME,https://time.com/nextadvisor/,10050000,13110,10063110
Generation Tux,https://www.generationtux.com/,32400,19880,52280
Redis.com,https://redis.com/,37440,1759,39199
The New York Post,https://nypost.com/,9113000,2,9113002
The Travel,https://www.thetravel.com/,705500,0,705500
insurance.com,https://www.insurance.com/,98930,341500,440430
Today.com,https://www.today.com/,6989000,23,6989023
DivideBuy,https://dividebuy.co.uk/,162,0,162
SheKnows.com,https://www.sheknows.com/,2107000,0,2107000
Health,https://www.healthcare.gov/,1633000,82440,1715440
Enjuris,https://www.enjuris.com/,69310,0,69310
Gonect,https://fsapartners.ed.gov/,5833000,0,5833000
Napa Valley Life,https://www.napavalleylifemagazine.com/,7833,0,7833
Maisonette,https://www.maisonette.com/,56860,79540,136400
Good Good Good,https://www.goodgoodgood.co/,52850,0,52850
Cybersecurity Magazine,https://cybersecurity-magazine.com/,702,0,702
Allure,https://www.allure.com/,3582000,5482,3587482
ABOUT TIME,https://time.com/,10050000,13110,10063110
WRHU-FM,https://www.hofstra.edu/wrhu,254000,512,254512
leverage.com,https://leverage.com/,19460,0,19460
CAREERS & the disABLED,https://www.eop.com/mags-CD.php,2067,0,2067
forage,https://www.theforage.com/,104100,12,104112
Brookdale,https://www.brookdalecc.edu/,53010,0,53010
National freelance writer,https://www.nasw.org/,4335,0,4335
ExpertMarket,https://www.expertmarket.com/,42310,62700,105010
Readers Digest,https://www.rd.com/,5320000,1016,5321016
Cubby at Home,https://www.cubbyathome.com/,17440,0,17440
xoNecole,https://www.xonecole.com/,77260,0,77260
National Enquirer,https://www.nationalenquirer.com/,46560,179,46739
Sales experts needed for insight on brand marketing tips,https://www.salesforce.com/,2134000,77050,2211050
Personal finance site,https://mint.intuit.com/,5879000,1124000,7003000
Captrerra,https://www.capterra.com/,3029000,172600,3201600
MAN v FAT,https://manvfat.com/,7015,0,7015
TechBullion,https://techbullion.com/,61529,0,61529
SPY,https://www.spyoptic.com/,31460,8645,40105
ITPro,https://www.itpro.tv/,17590,907,18497
Travel Blog,https://www.myglobalviewpoint.com/travel-blogs/,127599,0,127599
Healthcare Services Investment News,http://healthcareservicesinvestmentnews.com/,2389,0,2389
yourgreenpal.com/blog,https://www.yourgreenpal.com/blog/free-professional-lawn-and-landscaping-photography,93220,0,93220
spyier,https://spyier.com/,2100,121,2221
She's SINGLE Magazine,https://www.shessinglemag.com/,6037,0,6037
Nursa,https://nursa.com/,20430,84,20514
Business & Finance,https://finance.yahoo.com/,62220000,10340000,72560000
UpCity,https://upcity.com/,169300,15,169315
Bookstr,https://bookstr.com/,108300,0,108300
Cloudways,https://www.cloudways.com/en/,195700,5571,201271
WhatASleep,https://whatasleep.com.au/about-us/,11150,0,11150
Mitu,https://wearemitu.com/,42750,0,42750
Wellyx,https://wellyx.com/,5574,153,5727
New York University,https://www.nyu.edu/,3113000,7504,3120504
Womans world,https://www.womansworld.com/,237400,292,237692
Industry Dive,https://www.industrydive.com/,2166,0,2166
LEAFLY.COM,https://www.leafly.com/,2297000,0,2297000
ADHD Online,https://adhdonline.com/,5012,36140,41152
Have experience with selling products online?,https://www.businessnewsdaily.com/15861-how-to-sell-online.html,2120000,0,2120000
Daily Paws,https://www.dailypaws.com/,1544000,0,1544000
Lifehacker,https://lifehacker.com/,1274000,0,1274000
TIME,https://time.com/,10050000,13110,10063110
InsuranceQuotes.com,https://www.insurancequotes.com/,15070,198900,213970
NewNowNext - Logo,https://www.facebook.com/newnownext/,340500000,204200,340704200
Health.com,https://www.health.com/,1501000,0,1501000
Just Simply Mom,https://justsimplymom.com/,21990,0,21990
HvTimes,https://hvtimes.com/,14060,0,14060
Forbes Women,https://www.forbes.com/forbeswomen/,41480000,610900,42090900
Vital Proteins,https://www.vitalproteins.com/,57990,3369,61359
Mailbutler,https://www.mailbutler.io/,7826,1,7827
Financial Times,https://www.ft.com/,2932000,733,2932733
Minority Engineer,https://www.nsbe.org/,15110,0,15110
Muscle and Health Magazine,https://muscleandhealth.com/,3755,0,3755
Food52,https://food52.com/,1913999,13840,1927839
Techpoint Africa,https://techpoint.africa/,6462,0,6462
Women's World,https://www.womansworld.com/,237400,292,237692
Men's Journal,https://www.mensjournal.com/,1646000,173,1646173
The Ohioan,https://ohio.gov/,3548000,4807,3552807
What makes the perfect influencer for your brand?,https://www.copypress.com/kb/social-media-promotion/qualities-good-influencer/,19110,288,19398
https://manypets.com/us/blog,https://manypets.com/us/blog/what-does-pet-health-insurance-not-cover/,11860,2912,14772
OrganicAuthority.com,https://www.organicauthority.com/,84360,0,84360
Massage Magazine,https://www.massageliabilityinsurancegroup.com/,5382,570,5952
Better Investing,https://www.betterinvesting.org/,7744,6405,14149
The Content Strategist,https://thecontentstrategist.ie/,56,0,56
App Store Apps,https://www.apple.com/app-store/,137000000,1671999,138671999
WestmanReviews,https://www.facebook.com/WestmanReviews/,340500000,204200,340704200
Midwest Living,https://www.midwestliving.com/,186200,0,186200
The Dog People by Rover.com,https://www.rover.com/blog/,1632000,75040,1707040
TalentLMS blog,https://www.talentlms.com/blog/,35180,2253,37433
WhatsNew2Day,https://whatsnew2day.com/,13370,0,13370
LogicRays Technologies,https://www.logicrays.com/,133,0,133
Northwest Meetings + Events,https://nw.meetingsmags.com/,19710,0,19710
Purplepass blog,https://www.purplepass.com/blog/,19830,0,19830
Chicago Parent,https://www.chicagoparent.com/,111900,0,111900
NextAdvisor/TIME,https://time.com/nextadvisor/,10050000,13110,10063110
parents,https://www.parents.com/,1227000,0,1227000
Disrupt Magazine,https://disruptmagazine.com/,12010,0,12010
Linkwell Health,https://linkwellhealth.com/,138,0,138
www.NTD.com,https://mb.ntd.com/,21620,0,21620
BX3,https://www.bx3.com/,92,0,92
Envoy,https://envoy.com/,25300,1058,26358
Celebrity Myxer,https://alexusrenee.com/,57560,0,57560
Search Engine Watch,https://www.searchenginewatch.com/,115900,0,115900
News Channel Nebraska,http://www.newschannelnebraska.com/,119700,0,119700
Nonfiction Authors Association,https://nonfictionauthorsassociation.com/,6437,0,6437
The Washington Informer,https://www.washingtoninformer.com/,67460,0,67460
Edoxi Training Institute,https://www.edoxitraining.com/,4186,0,4186
Muscle and Health Winter Global Retail Issue,https://muscleandhealth.com/,3755,0,3755
JAMA,https://jamanetwork.com/,3471000,0,3471000
Medical Marketing & Media Online,https://www.mmm-online.com/,22020,0,22020
Gentleman's Journal,https://www.thegentlemansjournal.com/,158800,0,158800
Enterprise League,https://enterpriseleague.com/,13210,0,13210
Multifamily Dive,https://www.multifamilydive.com/news/is-the-on-site-leasing-agent-becoming-extinct/620999/,3827,0,3827
HRD (US),https://www.hrdsummit.us/,84,0,84
The Everygirl,https://theeverygirl.com/,499000,0,499000
AARP The Magazine Online,https://www.aarp.org/,3803000,339100,4142100
PMQ Pizza Magazine,https://www.pmq.com/,75280,0,75280
Kolide Blog,https://www.kolide.com/,37490,0,37490
The Sunday Edit,https://edit.sundayriley.com/,67440,102,67542
CompanyWeek,https://companyweek.com/,5385,0,5385
briteco,https://brite.co/,5397,4043,9440
Fraulila.da,https://fraulila.de/,56,0,56
HubSpot,https://www.hubspot.com/products/cms,7398000,22940,7420940
Sleep Enlightened,https://enlightenedequipment.com/,9546,598,10144
CNA - Channel NewsAsia,https://www.channelnewsasia.com/,165300,0,165300
DogTipper.com,https://www.dogtipper.com/,60790,0,60790
Mom.com,https://mom.com/,1227000,2039,1229039
Nozzle,https://nozzle.io/,1782,0,1782
Zetland.dk,https://www.zetland.dk/,153,0,153
Clockify,https://clockify.me/,190000,1195,191195
Rock Star Recipes,https://www.amazon.com/How-Drink-Like-Rock-Star/dp/1954641060,428500000,46220000,474720000
Conde Nast Traveler,https://www.cntraveler.com/,2264000,206,2264206
SelectSoftware Reviews,https://www.selectsoftwarereviews.com/,37470,2005,39475
US News & World Report,https://www.usnews.com/,33720000,17550,33737550
A Taste of New York TV show,https://www.tasteofny.com/,334,0,334
Medical Economics,https://www.medicaleconomics.com/,56660,0,56660
Mashvisor,https://www.mashvisor.com/,192800,2711,195511
Best vacuum cleaners of 2022,https://www.nytimes.com/wirecutter/reviews/best-vacuum-cleaner/,52780000,296100,53076100
Safe Retailer,https://www.nsc.org/,190900,28320,219220
Galvanized Media,https://galvanized.com/,624,0,624
Career Attraction,https://careerattraction.com/,5658,0,5658
Information Today,https://www.infotoday.com/,24800,0,24800
ConsumerQueen.com,https://consumerqueen.com/,56999,0,56999
Hotjar blog,https://www.hotjar.com/blog/,143700,9926,153626
Happiful,https://happiful.com/,32529,0,32529
www.lapolo.in,https://lapolo.in/,2088,0,2088
Schedulicity's Blog,https://www.schedulicity.com/essentials/blog/salon-website-101/,115800,6844,122644
techbullion.com,https://techbullion.com/,61529,0,61529
Bluebeam - Built,https://www.bluebeam.com/,70590,2688,73278
Town & Tourist,https://www.laparks.org/traveltown/,158800,0,158800
NeighborWho,https://www.neighborwho.com/,279900,21220,301120
Eat this not that,https://www.eatthis.com/,2105000,0,2105000
Mass Appeal magazine,https://massappeal.com/,2154,0,2154
Finurah,https://finurah.com/,3685,0,3685
HigherEdJobs,https://www.higheredjobs.com/,326300,359,326659
Digital Engineering,https://www.digitalengineering247.com/,23470,0,23470
National Women's Magazine,https://www.womenshistory.org/,561000,26,561026
EDTECH: Focus on Higher Education,https://edtechmagazine.com/higher/,38770,0,38770
Managed Healthcare Executive,https://www.managedhealthcareexecutive.com/,37680,0,37680
JP Morgan Chase,https://www.jpmorganchase.com/,765600,0,765600
Helpjuice,https://helpjuice.com/,154700,26,154726
Analysis of small business trends,https://www.sba.gov/business-guide/plan-your-business/market-research-competitive-analysis,1834000,1,1834001
Martha Stewart Living,https://www.marthastewart.com/,2940000,0,2940000
Maine Home and Design,https://mainehomedesign.com/,6958,0,6958
How Stuff Works,https://www.howstuffworks.com/,5816000,3456000,9272000
Modern Woman,https://modernwoman.band/,31,0,31
Yarooms,https://www.yarooms.com/,921,22,943
aSweatlIFE,https://asweatlife.com/,30840,0,30840
Resource Guru,https://resourceguruapp.com/,2791,92,2883
citysignal,https://www.citysignal.com/,43700,0,43700
Hanging Off The Wire,https://www.hangingoffthewire.com/,170,0,170
Levelset / Procore,https://www.procore.com/press/procore-to-acquire-levelset-to-simplify-lien-management-workflows-for-construction,267800,17060,284860
Nike Blog,https://about.nike.com/en/newsroom,5911999,2929000,8840999
PE HUB,https://www.pehub.com/,77820,0,77820
Mashable - Mashable (UK) Bureau,https://mashable.com/,7553000,1150,7554150
Wishup.co,https://www.wishup.co/,4236,14,4250
Consumer Affairs,https://www.njconsumeraffairs.gov/,109600,0,109600
LogicRays,https://www.logicrays.com/,133,0,133
Train with Kickoff,https://www.trainwithkickoff.com/,4685,4074,8759
The Forage,https://www.theforage.com/,104100,12,104112
moneygeek,https://www.moneygeek.com/,514599,0,514599
My Chemical Free House,https://www.mychemicalfreehouse.net/,28080,0,28080
Yahoo Parenting,https://www.yahoo.com/lifestyle/tagged/parenting/,62220000,10340000,72560000
Strategy about dropshipping in 2022,https://www.shopify.com/blog/dropshipping-guide,4438000,863500,5301500
Wine Enthusiast,https://www.wineenthusiast.com/,68890,25929,94819
Sputnik,https://sputniknews.com/,54450,0,54450
SHRM All Things Work Newsletter,https://www.shrm.org/hr-today/news/all-things-work/pages/default.aspx,1461000,3506,1464506
Kiki Wellington,https://medium.com/i-quote-therefore-i-am/quotes-about-april-4435c806c9a4,20640000,286,20640286
WW Canada,https://www.weightwatchers.com/ca/en/,613500,227600,841100
Netnaija,https://www.thenetnaija.net/,17210,0,17210
Sarah Scoop,https://sarahscoop.com/,431700,0,431700
health.com,https://www.health.com/,1501000,0,1501000
Websitebuilderexpert,https://www.websitebuilderexpert.com/,314700,1759,316459
Mattress Nerd,https://www.mattressnerd.com/,145300,1228,146528
Black Ballad,https://blackballad.co.uk/,522,0,522
Business.org,https://www.business.org/,203300,2301,205601
Wide Open Eats,https://www.wideopeneats.com/,361300,0,361300
Metro World News,https://www.metroworldnews.com/about-us/,11920,0,11920
Chief,https://chief.com/,12850,0,12850
The Mozilla Blog,https://www.mozilla.org/en-US/firefox/,9272000,65690,9337690
Tribune Publishing Company,https://www.tribpub.com/,4566,0,4566
Muscle and Health magazine- retail and online issues,https://muscleandhealth.com/,3755,0,3755
Time/NextAdvisor,https://time.com/nextadvisor/,10050000,13110,10063110
The Home Process,https://www.va.gov/housing-assistance/home-loans/home-buying-process/,4704000,19890,4723890
The Oscar Blog,https://www.hioscar.com/blog,98800,5498,104298
Univision Television Network,https://www.univision.com/,758100,667,758767
Work by Hive,https://workhiveslc.com/,975,0,975
TheGrillingDad,https://thegrillingdad.com/,70300,0,70300
Webgardener,https://www.webgardner.com/,13450,0,13450
Forbes Health website,https://www.forbes.com/,41480000,610900,42090900
PsychNewsDaily,https://www.psychnewsdaily.com/,190300,0,190300
GOBankingRates.com,https://www.gobankingrates.com/,4104999,23100,4128099
Clutch,https://www.pro-rock.com/,11410,0,11410
Daily Mail Best Buys,https://www.dailymail.co.uk/best-buys/,6203000,0,6203000
Hello Glow,https://helloglow.co/,89980,20,90000
https://www.wellandgood.com,https://www.wellandgood.com/,1638000,3,1638003
8fig blog,https://www.8fig.co/,365,3627,3992
The EveryMom,https://theeverymom.com/,128099,0,128099
CMSWie,https://help.one.com/hc/de/articles/360001621938-Wie-aktualisiere-ich-ein-CMS-wie-WordPress-oder-Joomla-,91640,35,91675
Global Traveler Magazine,https://www.globaltravelerusa.com/,15060,0,15060
M1,https://m1.com/,67040,100400,167440
Xtra,https://xtramath.org/,92150,5396,97546
Kotaku,https://kotaku.com/,2991000,0,2991000
Twill/Kopa Well-Being,https://care.twill.health/,1212,705,1917
Common Sense,https://www.commonsensemedia.org/,7814000,6818,7820818
USA TODAY  NETWORK,https://www.usatoday.com/,21890000,2100,21892100
Transcription Certification Institute,https://www.transcriptioncertificationinstitute.org/,7559,0,7559
QuickEmailVerification,https://quickemailverification.com/,8391,0,8391
This Dog’s Life,https://shop.thisdogslife.co/,30530,61,30591
USA Today/Studio Gannett (Modern Woman Magazine and YES weekly shopper),https://www.linkedin.com/in/debiwilkey,93620000,268600,93888600
Chess Life Magazine,https://www.uschess.org/index.php/Chess-Life-September-2020/,65800,0,65800
Dwell,https://www.dwell.com/,294400,0,294400
Muscle and Health global retail issue,https://muscleandhealth.com/,3755,0,3755
Hanging Off The Wire Blog,https://www.hangingoffthewire.com/,170,0,170
Nat Geo Traveler,https://www.nationalgeographic.com/,8998000,105600,9103600
Thinkific,https://www.thinkific.com/,192300,9016,201316
GoBankingRates,https://www.gobankingrates.com/,4104999,23100,4128099
JoySauce,https://joysauce.com/,5411,0,5411
FishingBooker,https://fishingbooker.com/,338500,27950,366450
The influence of marketing on B2B business,https://blog.hubspot.com/marketing/b2b-marketing,7398000,22940,7420940
Bankrate.com,https://www.bankrate.com/,8635000,463600,9098600
Women's Running,https://www.womensrunning.com/,96020,50,96070
Courier,https://www.courier.com/,28020,204,28224
Strategies about video marketing in 2022,https://www.wevideo.com/blog/for-work/11-video-marketing-trends-that-will-dominate-2022-and-beyond,169000,6716,175716
WSJ,https://www.wsj.com/,11090000,161500,11251500
Mercari,https://www.mercari.com/,1265000,115100,1380100
Siege Media,https://www.siegemedia.com/,13180,0,13180
Oracle,https://www.oracle.com/,4851000,20040,4871040
Ownerly.com,https://www.ownerly.com/,279600,22540,302140
Upscale,https://upscalepics.com/,8974,0,8974
Good Morning America Online,https://www.goodmorningamerica.com/,938000,0,938000
JotForm,https://www.jotform.com/,877300,45780,923080
BiztechMagazine.com,https://biztechmagazine.com/,13860,0,13860
Dot Dash Meredith,https://www.dotdashmeredith.com/,21380,0,21380
Investing,https://www.investing.com/,2503000,2271,2505271
Oprah Daily,https://www.oprahdaily.com/,2262000,3287,2265287
Luxury Pools,https://luxurypoolarkansas.com/,106,0,106
Insurancequotes.com,https://www.insurancequotes.com/,15070,198900,213970
Investopedia,https://www.investopedia.com/,30020000,126900,30146900
Modern Restaurant Management,https://modernrestaurantmanagement.com/,11300,0,11300
Women's Health Interactive,https://www.linkedin.com/company/womens-health-interactive,93620000,268600,93888600
Logitech.com Ebook,https://www.logitech.com/content/dam/logitech/en/business/pdf/logi-bolt-ebook.pdf,935000,42640,977640
National Geographic,https://www.nationalgeographic.com/,8998000,105600,9103600
Cocospy,https://www.cocospy.com/,6484,0,6484
Static Media,https://www.static.com/,571,0,571
Best Products by Hearst,https://www.hearst.com/magazines,62080,0,62080
THEBODY,https://www.thebody.com/,72520,958,73478
NBC THINK,https://www.nbcnews.com/think,10750000,360,10750360
FastExpert,https://www.fastexpert.com/,19180,65280,84460
Sparkrenal,https://sparkrental.com/,37510,0,37510
Dermatology Times,https://www.dermatologytimes.com/,228200,0,228200
Scoop Earth,https://www.scoopearth.com/,69340,0,69340
Technology Networks,https://www.technologynetworks.com/,508200,0,508200
How to realize effective email marketing,https://www.forbes.com/sites/forbesbusinesscouncil/2021/03/29/how-to-implement-an-effective-email-marketing-strategy/,41480000,610900,42090900
Sourcing Journal,https://sourcingjournal.com/,89400,0,89400
AmateurTraveler.com,https://amateurtraveler.com/,56430,0,56430
Beauty Independent,https://www.beautyindependent.com/,50500,0,50500
Built In,https://builtin.com/,1028000,145,1028145
Workast,https://www.workast.com/,7396,0,7396
Prose,https://prose.com/,96170,8297,104467
Business 2 Community,https://www.business2community.com/,461700,0,461700
Washington Post,https://www.washingtonpost.com/,21020000,64500,21084500
Cosmopolitan,https://www.cosmopolitan.com/,7768000,51090,7819090
GetApp blog,https://www.getapp.com/website-ecommerce-software/blog/,3232999,204500,3437499
Christian Forums,https://www.christianforums.com/,25860,0,25860
Freelance Writer,https://blog.copyfol.io/freelance-writer-website,4388,0,4388
Robb Report Mexico,https://robbreport.com/,602500,0,602500
The National Enquirer,https://www.nationalenquirer.com/,46560,179,46739
Dive in,https://www.divein.com/,232800,20,232820
Formulate,https://www.formulate.co/,20090,235,20325
Accessibility.com,https://www.accessibility.com/,22850,0,22850
Bumble Buzz,https://bumble.com/en-us/the-buzz,136300,22800,159100
Triathlete Magazine - Online,https://www.triathlete.com/,85940,190,86130
The Tilt,https://www.thetilt.com/,8969,0,8969
Social media marketing strategy of B2B companies,https://blog.hubspot.com/blog/tabid/6307/bid/32765/how-b2b-marketers-can-succeed-on-the-6-big-social-networks.aspx,7398000,22940,7420940
Blissgevity,https://m.facebook.com/Blissgevity-343577013623268/,340500000,204200,340704200
Activecollab,https://activecollab.com/,10460,406,10866
Caregiving,https://www.caregiving.com/,2068,0,2068
udChalo,https://www.udchalo.com/,446,0,446
Food & Wine Online,https://www.foodandwine.com/,2869000,0,2869000
NY Post,https://nypost.com/,9113000,2,9113002
National Council on Aging,https://www.ncoa.org/,246800,7558,254358
Loopio,https://loopio.com/,5316,310,5626
Business in Vancouver (BIV),https://biv.com/,10200,0,10200
Dreamy Home,https://www.hgtv.com/sweepstakes/hgtv-dream-home,3677000,20770,3697770
Well and Good,https://www.wellandgood.com/,1638000,3,1638003
Outside,https://www.outsideonline.com/,577700,4081,581781
Raconteur Media,https://raconteur.com/,550,10,560
Hiver,https://hiverhq.com/,411200,4415,415615
AAA The Extra Mile online content,https://cluballiance.aaa.com/the-extra-mile,3252000,548500,3800500
CS Hub,https://www.cshub.com/,10500,0,10500
Aisle Planner,http://www.aisleplanner.com/,10140,498,10638
Question about social ecommerce,https://blog.hootsuite.com/social-commerce/,2314000,29330,2343330
SHAPE,https://www.shape.com/,1089000,0,1089000
Veracity,https://www.veracityglobal.com/,21500,0,21500
Let's Eat Cake,https://www.letseatcake.com/,224900,0,224900
Landys Chemist,https://www.landyschemist.com/,2556,0,2556
RecruitCRM.io,https://recruitcrm.io/,8493,863,9356
SPACE.com,https://www.space.com/,4524000,0,4524000
DirectIndustry e-Magazine,https://emag.directindustry.com/2020/07/09/virtualexpo-directindustry-transitions-from-an-online-exhibition-to-a-b2b-marketplace/,409800,0,409800
CONDE NAST TRAVELLER USA,https://www.cntraveler.com/,2264000,206,2264206
Engagedly,https://engagedly.com/,5703,792,6495
Tech Republic,https://www.techrepublic.com/,1557000,3,1557003
The Daily Yonder,https://dailyyonder.com/,18620,534,19154
Biz Latin Hub,https://www.bizlatinhub.com/,11010,0,11010
Corrosionpedia,https://www.corrosionpedia.com/,328400,0,328400
INTO,https://www.into.ie/,747,0,747
The Points Guy,https://thepointsguy.com/,2692000,183500,2875500
OnlineU.com website,https://www.onlineu.com/,79360,5456,84816
Story by JPMorgan,https://story.jpmorgan.com/,842400,40180,882580
The Daily Wire,https://www.dailywire.com/,145300,8168,153468
FreedomDebtRelief.com,https://www.freedomdebtrelief.com/,9706,0,9706
The Progressive Investor,https://investors.progressive.com/home/default.aspx,1554000,859700,2413700
Rasmussen University,https://www.rasmussen.edu/,515599,86410,602009
GOBankingRates,https://www.gobankingrates.com/,4104999,23100,4128099
Forbes,https://www.forbes.com/,41480000,610900,42090900
CreditCards.com,https://www.creditcards.com/,759900,69590,829490
Best Life,https://bestlifeonline.com/,1815000,0,1815000
Fupping,https://fupping.com/,6152,0,6152
Welp Magazine,https://welpmagazine.com/,14120,0,14120
Radnut Sports,https://radnut.com/,5219,0,5219
CIO Magazine,https://www.cio.com/,329400,0,329400
Everyday Health,https://www.everydayhealth.com/,4420000,90030,4510030
Best Products,https://www.bestproducts.com/,1290000,69540,1359540
Her Campus,https://www.hercampus.com/,238600,0,238600
I Advance Senior Care,https://www.iadvanceseniorcare.com/,2066,0,2066
Medshadow,https://medshadow.org/,40640,1141,41781
Wealth of Geeks,https://wealthofgeeks.com/,227900,0,227900
One Million by One Million,https://1m1m.sramanamitra.com/,5611,0,5611
Chalkbeat Detroit and Bridge Michigan,https://detroit.chalkbeat.org/,177700,367,178067
USA TODAY,https://www.usatoday.com/,21890000,2100,21892100
OutSmart,https://www.outsmart.org.uk/,77,0,77
The Dodo,https://www.thedodo.com/,470200,586,470786
Adopting Zero Trust,https://www.microsoft.com/en-us/security/business/zero-trust,48230000,807200,49037200
The Daily Dot,https://www.dailydot.com/,1781000,0,1781000
Cointelegraph,https://cointelegraph.com/,1074000,30,1074030
The Epoch Times - New York,https://www.theepochtimes.com/,405000,2849,407849
Men's Health,https://www.menshealth.com/,4754000,120300,4874300
CNET,https://www.cnet.com/,23790000,15090,23805090
Notch,https://www.smuggs.com/,26160,1603,27763
Top Ten Reviews,https://www.toptenreviews.com/,599000,0,599000
WebMD.com,https://www.webmd.com/,39880000,59360,39939360
Bustle,https://www.bustle.com/,4621000,0,4621000
Fit Healthy Momma,https://www.trimhealthymama.com/,18380,0,18380
aSweatLife,https://asweatlife.com/,30840,0,30840
Parents,https://www.parents.com/,1227000,0,1227000
CSL Behring's Vita blog,https://www.cslbehring.com/vita,20200,79,20279
The Associated Press,https://apnews.com/,7352000,0,7352000
GetResponse Blog,https://www.getresponse.com/blog,62890,51580,114470
Fit Small Business,https://fitsmallbusiness.com/,1014000,2,1014002
Reader's Digest,https://www.rd.com/,5320000,1016,5321016
Best Places to Travel in the World,https://www.forbes.com/sites/laurabegleybloom/2019/09/04/bucket-list-travel-the-top-50-places-in-the-world/,41480000,610900,42090900
New York Cannabis Insider,https://www.newyorkupstate.com/cannabis-insider/,238800,0,238800
ExpertPhotography / CameraReviews,https://www.pinterest.com/pin/portrait-of-a-makeup-artist--293508100713579116/,207000000,130500,207130500
Dwellsy,https://dwellsy.com/,21250,13050,34300
New York Lifestyles Magazine,https://newyorklifestylesmagazine.com/,10190,0,10190
Clearway Law,https://twitter.com/clearwaylaw?lang=en,138600000,1593,138601593
OZY,https://www.ozy.com/,82630,1,82631
BCA Insider Magazine,https://myemail.constantcontact.com/BCA-Insider-Now-Online-.html?soid=1102678861627&aid=bjnnZ839J_U,861600,89360,950960
Wealthysinglemommy.com,https://www.wealthysinglemommy.com/,129200,0,129200
MarketScale,https://marketscale.com/,9995,37,10032
FastCasual.com,https://www.fastcasual.com/,74680,0,74680
Best Colleges,https://www.usnews.com/best-colleges,33720000,17550,33737550
Bachcare,https://www.bachcare.co.nz/,984,0,984
Salty And Stylish,https://tools2tiaras.com/,624,0,624
Nectafy,https://www.nectafy.com/,4670,0,4670
Leafly.com,https://www.leafly.com/,2297000,0,2297000
Women Who Rock with Success,https://www.amazon.com/Women-Who-Rock-Inspirational-Extraordinary/dp/1938015657,428500000,46220000,474720000
Elite Daily,https://www.elitedaily.com/,1911000,0,1911000
POPSUGAR,https://www.popsugar.com/,6973000,16,6973016
The M Dash,https://mdash.mmlafleur.com/,17230,61170,78400
Tribune Publishing,https://www.tribpub.com/,4566,0,4566
https://www.thisdogslife.co,https://www.thisdogslife.co/,30530,61,30591
Real Homes,https://www.realhomes.com/us,360200,0,360200
EverydayHealth,https://www.everydayhealth.com/,4420000,90030,4510030
Elle,https://www.elle.com/,3106999,19840,3126839
Business Insider,https://www.businessinsider.com/,27689999,1601,27691600
PEOPLE,https://people.com/,13390000,259,13390259
Independent Gasoline Marketing,https://www.sigma.org/,3190,0,3190
Rho Blog,http://projectrho.com/public_html/rocket/,7252,0,7252
MoneyGeek,https://www.moneygeek.com/,514599,0,514599
book,https://www.barnesandnoble.com/,10190000,898,10190898
Fraulila.de,https://fraulila.de/,56,0,56
WebMD the Magazine,https://www.webmd.com/magazine/default.htm,39880000,59360,39939360
Cancer Wellness magazine,https://cancerwellness.com/,2812,0,2812
Hotjar,https://www.hotjar.com/,143700,9926,153626
Monster,https://www.monster.com/,3008000,201000,3209000
Forbes Advisor,https://www.forbes.com/advisor/,41480000,610900,42090900
WELCOME TO THE JUNGLE,https://www.welcometothejungle.com/en,37660,0,37660
Tyla,https://tyla.org/,1981,0,1981
Bacancy,https://www.bacancytechnology.com/,18880,1115,19995
Podcast,https://anchor.fm/,815200,2511,817711
Girls' Life,https://www.girlslife.com/,41240,0,41240
Spy.com,https://spy.com/,593000,178,593178
Harper Collins,https://www.harpercollins.com/,590200,31050,621250
Small Business Breakthroughs Magazine,https://smallbusinessbreakthroughsmag.com/,6,0,6
Broadcast,https://www.bmi.com/,107400,0,107400
Care.com,https://www.care.com/,1419999,143600,1563599
USA Today,https://www.usatoday.com/,21890000,2100,21892100
Fodor's Travel,https://www.fodors.com/,898000,0,898000
nursejournal.org,https://nursejournal.org/,181900,8,181908
Expert Market,https://www.expertmarket.com/,42310,62700,105010
Furniture,https://www.ashleyfurniture.com/,1558000,1700000,3258000
The Balance,https://www.thebalancemoney.com/,3558000,0,3558000
Capterra Blog,https://blog.capterra.com/,3029000,172600,3201600
PissedConsumer.com,https://www.pissedconsumer.com/,1427000,0,1427000
Gray's Sporting Journal,https://www.grayssportingjournal.com/,1400,0,1400
IoT solution Prylada for IoT for All,https://www.prylada.com/,0,0,0
Black Coffee Beautiful,https://www.blackcoffeebeautiful.com/,762,0,762
Trip101,https://trip101.com/,1035000,0,1035000
https://www.uschamber.com/co/,https://www.uschamber.com/co/,436800,4,436804
Story by JP Morgan,https://story.jpmorgan.com/,842400,40180,882580
eBizFacts.com,https://ebizfacts.com/,52350,0,52350
Reuters,https://reuters.com/,13580000,1217,13581217
Brides,https://www.brides.com/,2824000,76,2824076
CNN,https://www.cnn.com/,25840000,3300,25843300
Seeking Brand marketing That Use Facebook,https://www.facebook.com/business/help/1438417719786914,340500000,204200,340704200
Skill Success,https://www.skillsuccess.com/,11470,1147,12617
The Communications of the ACM,https://m-cacm.acm.org/,807800,1,807801
Sixty & Me,https://sixtyandme.com/,137300,0,137300
MoneyMade,https://moneymade.io/,23010,0,23010
Food Processing,https://www.foodprocessing.com/,32420,0,32420
1800 Flowers,https://www.1800flowers.com/,814300,434600,1248900
Construciton Dive,https://www.constructiondive.com/,58830,0,58830
The Upside,https://www.theupside.com/,6606,20,6626
Explore with Metrolink,https://metrolinktrains.com/explore/,165700,0,165700
Incfile,https://www.incfile.com/,125800,52720,178520
Real Simple magazine,https://www.realsimple.com/,2171000,1,2171001
CafeMom,https://cafemom.com/,566000,25360,591360
Gimme,https://gimmebeauty.com/,2163,0,2163
masslive.com,https://www.masslive.com/,1524000,0,1524000
Dice Insights,https://insights.dice.com/,323900,41690,365590
Health Magazine,https://www.health.com/,1501000,0,1501000
MedicineNet,https://www.medicinenet.com/,3227999,0,3227999
What tips do you look for in dropshipping business?,https://www.shopify.com/blog/dropshipping-tips,4438000,863500,5301500
Finance,https://www.tax.ny.gov/,10040000,11720,10051720
CMSwire.com,https://www.cmswire.com/,94700,0,94700
Nike,https://www.nike.com/,5911999,2929000,8840999
SpineUniverse,https://www.spineuniverse.com/,392200,0,392200
House Digest,https://www.housedigest.com/,346900,0,346900
NFT Now,https://nftnow.com/,74690,0,74690
AARP - The Arrow,https://www.aarparrow.com/,941,26,967
Good Day Philadelphia - WTXF-TV,https://www.fox29.com/,423400,16,423416
Health eCareers (amended,https://www.healthecareers.com/binaries/content/assets/healthecareers-us-en/pdf/legal/privacy-policy-_-health-ecareers-2016.09.27.pdf,60990,7174,68164
Real Estate Witch,https://www.realestatewitch.com/,116600,0,116600
ABC News,https://abcnews.go.com/,11190000,1174000,12364000
Construction Dive,https://www.constructiondive.com/,58830,0,58830
FIRST for Women,https://www.firstforwomen.com/,75790,85,75875
Romper,https://www.romper.com/,1019999,0,1019999
Inside Unmanned Systems,https://insideunmannedsystems.com/,2500,0,2500
The Girlfriend,https://www.thegirlfriend.com/,6921,2935,9856
Northeast Ohio Parent,https://www.northeastohioparent.com/,18600,0,18600
She's A Full On Monet,https://shesafullonmonet.com/,9454,3,9457
How to grow your business by marketing,https://mailchimp.com/,844900,240900,1085800
The Wildest,https://www.thewildest.com/,178800,695,179495
VeryWell Family,https://www.verywellfamily.com/,2766000,511,2766511
Tribune Content Agency News Service,https://tribunecontentagency.com/,27610,0,27610
hertelier,https://www.hertelier.com/,1106,0,1106
Tattoo.com,https://www.tattoo.com/,26060,0,26060
Finance of America,https://www.financeofamerica.com/,3684,0,3684
Itty Bitty Atlas,https://ittybittyatlas.com/media-kit/,384,0,384
Bethwrotethat,https://bethwrotethat.com/,0,0,0
RateGenius,https://www.rategenius.com/,42930,7178,50108
Briefings,https://www.briefing.com/,11920,3,11923
Gardeningetc,https://www.gardeningetc.com/,152000,0,152000
WardsAuto.com,https://www.wardsauto.com/,78240,0,78240
Saatva,https://www.saatva.com/,76670,630500,707170
American Recycler,https://americanrecycler.com/8568759/,4201,0,4201
Newsmax,https://www.newsmax.com/,95360,2259,97619
The Denver Post,https://www.denverpost.com/,1336000,10,1336010
Pscycom Pro,https://www.psycom.net/about-us,558500,960,559460
CNBC,https://www.cnbc.com/,28640000,997,28640997
Data Science Dojo,https://datasciencedojo.com/,7628,0,7628
Convert.com/,https://cloudconvert.com/,1170000,0,1170000
Dun/Medium,https://onlinelibrary.wiley.com/doi/abs/10.1002/advs.201901788,7462000,1344,7463344
Investor Junkie,https://investorjunkie.com/,333500,0,333500
Coco,https://cocosbakery.com/,13930,0,13930
GoodFirms,https://www.goodfirms.co/,137500,28,137528
Woman's World Magazine,https://www.womansworld.com/,237400,292,237692
The Startup Pill,https://twitter.com/startupill?lang=en,138600000,1593,138601593
Your Teen Mag,https://yourteenmag.com/,75520,0,75520
Mountain Meetings magazine,https://mtn.meetingsmags.com/mountain-meetings-magazine-0,19710,0,19710
Health is Action,https://www.healthaction.org/,1335,25,1360
HR Magazine,https://www.hrmagazine.co.uk/,5362,0,5362
Fox News,https://www.foxnews.com/,6124000,3103,6127103
Healthline (Psych Central),https://psychcentral.com/about,1655000,60,1655060
Yahoo Finance,https://finance.yahoo.com/,62220000,10340000,72560000
Multiple publications,https://journals.sagepub.com/home/msj,4146000,10,4146010
Maven Clinic,https://www.mavenclinic.com/,17430,822,18252
Ownerly,https://www.ownerly.com/,279600,22540,302140
Refinery29,https://www.refinery29.com/en-us,4440000,0,4440000
Vivian Health Resource Hub,https://www.vivian.com/community/,87660,13390,101050
WWD,https://wwd.com/,1162000,1057,1163057
IBM - Security intelligence,https://securityintelligence.com/,34250,0,34250
Rover.com,https://www.rover.com/,1632000,75040,1707040
Carewell,https://www.carewell.com/,84300,80250,164550
Financial Times - FT.com,https://www.ft.com/,2932000,733,2932733
Carinsurance.com,https://www.carinsurance.com/,86980,39,87019
Bumble,https://bumble.com/,136300,22800,159100
BaoZun,https://www.baozun.com/,943,0,943
THISDAY Online,https://www.thisdaylive.com/,42550,0,42550
Spectrum Business Insights,https://www.spectrum.com/business/insights/,2569000,1418000,3987000
South China Morning Post,https://www.scmp.com/,2600000,1549,2601549
FOX News Channel,https://www.foxnews.com/,6124000,3103,6127103
Connect CRE,https://www.connectcre.com/,32160,28,32188
ChatterSource,https://www.chattersource.com/,38960,0,38960
Happify,https://www.happify.com/,51540,614,52154
HomeLight,https://www.homelight.com/,457500,65970,523470
AskMyAdvisor Blog,https://askmyadvisor.co/blog,0,0,0
Seadbeady's Fashion and Lifestyle Blog,https://seadbeady.blogspot.com/,4,0,4
Travel + Leisure,https://www.travelandleisure.com/,3373000,7814,3380814
Business Insurance,https://www.businessinsurance.com/,40610,0,40610
Quikly,https://www.quikly.com/,1550,0,1550
4 day week,https://4dayweek.io/,24870,0,24870
Exemplore,https://exemplore.com/,68870,0,68870
ExpertPhotography/CameraReviews,https://www.pinterest.com/pin/portrait-of-a-makeup-artist--293508100713579116/,207000000,130500,207130500
STYLIST,https://www.stitchfix.com/,344500,870000,1214500
Popular Science,https://www.popsci.com/,1422000,0,1422000
Wicz,http://www.wicz.com/,49440,0,49440
Delante,https://delante.co/,11620,0,11620
The San Francisco Standard,https://sfstandard.com/,38230,0,38230
bp magazine,https://www.bphope.com/,25480,0,25480
The Review Wire,https://www.nytimes.com/wirecutter/,52780000,296100,53076100
Leena AI,https://leena.ai/,584,372,956
Atlanta Journal-Constitution,https://www.ajc.com/,1827000,146,1827146
ChoosingTherapy,https://www.choosingtherapy.com/,473200,70,473270
Women's Health Magazine,https://www.womenshealthmag.com/,4612000,132600,4744600
MinorityNurse.com/DailyNurse.com/SpringerPublishing,https://minoritynurse.com/author/wojowriter/,13840,75,13915
Marketing strategy of B2B companies in 2022,https://blog.hubspot.com/marketing/b2b-marketing,7398000,22940,7420940
Insider.com,https://www.insider.com/,10890000,0,10890000
Datacenter Dynamics,https://www.datacenterdynamics.com/,100100,0,100100
Mymove,https://www.mymove.com/,714200,0,714200
Parade Magazine,https://parade.com/,7378000,0,7378000
Bar Business Magazine,https://www.barbizmag.com/,7588,0,7588
Dayton Daily News,https://www.daytondailynews.com/,424500,0,424500
El Restaurante,https://www.eltorito.com/,56680,0,56680
Logit,https://logitgroup.com/,352,138,490
Bustle.com,https://www.bustle.com/,4621000,0,4621000
Mens' Health Magazine,https://www.menshealth.com/,4754000,120300,4874300
Glamour,https://www.glamour.com/,3798000,0,3798000
SELF,https://www.self.com/,2601000,0,2601000
Analysis of online B2B business models,https://www.investopedia.com/terms/b/btob.asp,30020000,126900,30146900
Psyc central,https://psychcentral.com/,1655000,60,1655060
SEOptimer,https://www.seoptimer.com/,42350,0,42350
Clean Eating,https://www.cleaneatingmag.com/,108200,481,108681
AgingInPlace.org,https://aginginplace.org/,136600,0,136600
Heatlhline,https://www.healthline.com/,42810000,92410,42902410
ITPro Today,https://www.itprotoday.com/,300300,0,300300
aSweatLife website,https://asweatlife.com/about/,30840,0,30840
Barron's,https://www.barrons.com/,5455000,6213,5461213
Chopra,https://chopra.com/,154500,1035,155535
Forage,https://www.theforage.com/,104100,12,104112
Entrepreneur.com,https://www.entrepreneur.com/,1927000,10,1927010
Money Talks News,https://www.moneytalksnews.com/,140200,0,140200
American Essence Magazine,https://www.americanessence.com/,815,0,815
homesandgardens.com,https://www.homesandgardens.com/,817200,0,817200
TWILL CARE,https://www.twill.net/,11530,1229,12759
BUILT,https://getbuilt.com/,8590,1477,10067
Reworked Magazine,https://www.reworked.co/,10800,9,10809
Forbes Advisorw,https://www.forbes.com/best-in-state-wealth-advisors/,41480000,610900,42090900
Military Families,https://www.militaryonesource.mil/,579900,4060,583960
National Geographic Traveler,https://www.nationalgeographic.com/,8998000,105600,9103600
GetResponse,https://www.getresponse.com/,62890,51580,114470
Managing Editor,https://managingeditor.com/,602,0,602
Wine Searcher,https://www.wine-searcher.com/,1312000,0,1312000
The CheckUp,http://www.thecheckup.org/,1260,0,1260
Greatist,https://greatist.com/,1808000,9252,1817252
Best TVs of 2022,https://www.pcmag.com/picks/the-best-tvs,16930000,263200,17193200
ChaChingQueen,https://chachingqueen.com/,18890,0,18890
Saveur,https://www.saveur.com/,384800,0,384800
Zonka Feedback,https://www.zonkafeedback.com/,7265,95,7360
RUNNER'S WORLD,https://www.runnersworld.com/,1157000,29950,1186950
Wealthy Single Mommy,https://www.wealthysinglemommy.com/,129200,0,129200
AARP Media,https://www.aarp.org/,3803000,339100,4142100
Health is Action magazine,https://www.tandfonline.com/toc/zgha20/current,4190999,399,4191398
USA Today 10 Best,https://www.10best.com/awards/travel/,1660000,0,1660000
Automotive Recycling,https://www.a-r-a.org/,13860,0,13860
Good RX,https://www.goodrx.com/,7206000,122300,7328300
Connecteam,https://connecteam.com/,70360,110700,181060
Mens Health,https://www.menshealth.com/,4754000,120300,4874300
Angi.com,https://www.angi.com/,7006000,553800,7559800
TODAY.com,https://www.today.com/,6989000,23,6989023
The Seattle Times,https://www.seattletimes.com/,2272000,102,2272102
2x eCommerce,https://2xecommerce.com/podcast/,3058,0,3058
IntoTheMinds,https://www.intotheminds.com/,5520,0,5520
Leapsome,https://www.leapsome.com/,7378,2923,10301
Health Central,https://www.healthcentral.com/,337100,162600,499700
The World of Food Ingredients,https://m.foodingredientsfirst.com/twofi-subscription.html,27830,0,27830
Health Magazine Online,https://www.menshealth.com/,4754000,120300,4874300
Automotive Recycler,https://www.a-r-a.org/,13860,0,13860
HOSCO,https://www.hosco.com/,15270,3,15273
Forkast.News,https://forkast.news/,51670,0,51670
The Beachbody Blog,https://www.beachbodyondemand.com/blog/,446700,700,447400
LittleThings,https://littlethings.com/,204600,3750,208350
Cannabis Radio,https://cannabisradio.com/,2964,0,2964
eSecurity Planet,https://www.esecurityplanet.com/,42210,527,42737
Substack,https://substack.com/,1078000,550,1078550
LegalZoom,https://www.legalzoom.com/,1032000,280100,1312100
Online Marketing,https://mailchimp.com/,844900,240900,1085800
USA TODAY Veterans Affairs Magazine,https://onlinestore.usatoday.com/special-editions---usa-today-c854.aspx,21890000,2100,21892100
Tips about dropshipping business in 2022,https://www.shopify.com/blog/dropshipping-guide,4438000,863500,5301500
Employee Benefit News,https://www.benefitnews.com/,44570,18,44588
SleepNumber,https://www.sleepnumber.com/,185300,596600,781900
Newsday,https://www.newsday.com/,439700,3,439703
WebMD the Magazine Online,https://www.webmd.com/magazine/default.htm,39880000,59360,39939360
ClickUp Blog,https://clickup.com/,457100,42300,499400
GlobeSt.com,https://www.globest.com/,102600,0,102600
WonderMind,https://www.wondermind.com/,876,255,1131
BMD,https://www.freebmd.org.uk/,2535,0,2535
FortuneBuilders,https://www.fortunebuilders.com/,319700,0,319700
Money Under 30,https://www.moneyunder30.com/,575800,99,575899
them.,https://www.them.us/,376900,0,376900
Move.com,https://www.move.com/,23110,0,23110
Destination CRM,https://www.destinationcrm.com/,15480,0,15480
Saveur Online,https://www.saveur.com/,384800,0,384800
US News and World Report,https://www.usnews.com/,33720000,17550,33737550
Strategies about small business marketing,https://blog.hubspot.com/marketing/small-business-marketing-guide,7398000,22940,7420940
Health Digest,https://www.healthdigest.com/,156000,0,156000
Thrive Market,https://thrivemarket.com/,231500,141000,372500
Help In Homework,https://www.lifehack.org/496046/8-sites-where-students-can-get-help-with-their-homework,1392000,0,1392000
Center for Climate Integrity,https://climateintegrity.org/,320,0,320
CoPilot Fitness,https://mycopilot.com/,856,1421,2277
Dumpsters.com,https://www.dumpsters.com/,91860,78,91938
Car Insurance,https://www.farmers.com/,487600,116600,604200
Evisa Express,https://evisa.express/,11850,0,11850
AmOne.com,https://www.amone.com/,7654,1441,9095
Livability.com,https://livability.com/,164200,1608,165808
Independent Banker magazine,https://independentbanker.org/,4420,0,4420
SearchBusinessAnalytics.com,https://www.techtarget.com/searchbusinessanalytics/,10180000,2169,10182169
Convert.com,https://cloudconvert.com/,1170000,0,1170000
Glytterati,https://glytterati.com/,22300,0,22300
Twill Care/Kopa for MS,https://care.twill.health/,1212,705,1917
Best Company,https://blog.hubspot.com/website/corporate-website,7398000,22940,7420940
Mic.com,https://www.mic.com/,755300,0,755300
Good Housekeeping,https://www.goodhousekeeping.com/,10190000,744200,10934200
USNew,https://www.usnews.com/,33720000,17550,33737550
The Dropbox Blog,https://blog.dropbox.com/,1409000,446300,1855300
Counselor,https://www.psychologytoday.com/us/therapists,4651000,42060,4693060
Blind,https://www.teamblind.com/,316500,0,316500
Woman Strong Forever,https://www.girlscouts.org/,214100,3978,218078
Just Simply mom,https://justsimplymom.com/,21990,0,21990
Accounting.com,https://www.accounting.com/,115800,0,115800
Rover's The Dog People,https://www.rover.com/blog/,1632000,75040,1707040
Huffing Post,https://www.huffpost.com/,4957000,0,4957000
High Times,https://hightimes.com/,159300,0,159300
SpineUniverse.com,https://www.spineuniverse.com/,392200,0,392200
awning.com,https://awning.com/,14240,0,14240
WeShop,https://www.weshop.com/,688,0,688
TechAcute,https://techacute.com/,17890,0,17890
GoodRx Health,https://www.goodrx.com/,7206000,122300,7328300
Costumer magazine,https://www.costumers.org/,933,0,933
Brain & Life magazine,https://www.brainandlife.org/,96300,52,96352
My Fitness Routines,https://www.myfitnesspal.com/,1331000,1743,1332743
Twill/Kopa MS,https://care.twill.health/,1212,705,1917
Frau Lila,https://www.lilavaladan.com/,13,0,13
Today Weddings,https://www.theknot.com/,4015000,111300,4126300
Wall Street Journal,https://www.wsj.com/,11090000,161500,11251500
Prediction of online business trends in 2022,https://www.businessnewsdaily.com/7605-business-trend-predictions.html,2120000,0,2120000
BVR US,https://www.bvresources.com/,5597,0,5597
Natural Awakenings Magazine,https://www.naturalawakenings.com/,11460,0,11460
The Plain Dealer / Cleveland.com,https://www.cleveland.com/,1904000,0,1904000
www.cannatech.com,https://www.facebook.com/CannaTechGlobal/,340500000,204200,340704200
Den XYZ,https://denxyz.com/,272,0,272
Infosecurity Magazine,https://www.infosecurity-magazine.com/,49920,0,49920
Neighborwho,https://www.neighborwho.com/,279900,21220,301120
VICE,https://www.vice.com/,3088000,0,3088000
Devops.com,https://devops.com/,29430,0,29430
CruiseWestCoast,https://cruisewestcoast.com/,6423,0,6423
Portal,https://www.ebenefits.va.gov/,4704000,19890,4723890
ProofHub Articles,https://www.proofhub.com/articles/page/19,130200,0,130200
SeniorsMatter,https://www.seasons.com/,12190,0,12190
CVS,https://www.cvs.com/,18100000,62580,18162580
HubSpot Blog,https://blog.hubspot.com/website,7398000,22940,7420940
Ruler Analytics (DR 71),https://www.ruleranalytics.com/,13200,0,13200
Woman's Day (Print),https://service.womansday.com/,1994000,4668,1998668
Shop with Me Mama,https://shopwithmemama.com/,5416,0,5416
Shopify Plus blog,https://www.shopify.com/enterprise,4438000,863500,5301500
Journal of Accountancy,https://www.journalofaccountancy.com/,252000,0,252000
Gearadical,https://gearadical.com/,875,0,875
Twill.Health (Twill Care),https://www.twill.health/,1212,705,1917
BDG Media,https://www.bdg.com/,6796,0,6796
Entreprenuer,https://www.entrepreneur.com/,1927000,10,1927010
Budget Savvy Bride,https://thebudgetsavvybride.com/,97460,0,97460
CMA Today,https://www.aama-ntl.org/cma-today,53480,0,53480
The impact of instagram marketing on ecommerce,https://www.shopify.com/enterprise/instagram-influencer-marketing-in-ecommerce,4438000,863500,5301500
Technowize,https://www.technowize.com/contact/,22140,0,22140
aarp,https://www.aarp.org/,3803000,339100,4142100
Black Enterprise Magazine,https://www.blackenterprise.com/,343500,0,343500
CineVerse,https://www.cineverse.com/,277,0,277
Business2Community,https://www.business2community.com/,461700,0,461700
TotalWellness,https://www.totalwellnesshealth.com/,26100,0,26100
ActiveCollab,https://activecollab.com/,10460,406,10866
verywellhealth,https://www.verywellhealth.com/,8606000,16570,8622570
Coco and Vera,https://www.cocoandvera.com/,491,0,491
Freedom Debt Relief,https://www.freedomdebtrelief.com/,9706,0,9706
Tom's Guide,https://www.tomsguide.com/,10020000,0,10020000
The Truly Charming,https://thetrulycharming.com/,49510,0,49510
Giosg,https://www.giosg.com/,2554,0,2554
Progress Report,https://www.apple.com/environment/,137000000,1671999,138671999
Canva blog,https://www.canva.com/learn/how-to-start-a-blog/,6158000,266800,6424800
Glasscubes,https://www.glasscubes.com/,2906,201,3107
EatingWell Magazine Online,https://www.eatingwell.com/,2203000,52580,2255580
LoveToKnow,https://www.lovetoknow.com/,2949000,0,2949000
Bloomberg,https://www.bloomberg.com/,16560000,21960,16581960
Freelancer site,https://www.freelancer.com/,252500,25060,277560
RecruitCRM,https://recruitcrm.io/,8493,863,9356
National Magazine,https://www.nationalgeographic.com/,8998000,105600,9103600
Ivy Exec,https://www.ivyexec.com/,32020,0,32020
My Chemical-Free House,https://www.mychemicalfreehouse.net/,28080,0,28080
Best Price Nutrition,https://www.bestpricenutrition.com/,40290,803,41093
Finder,https://www.finder.com/,1255000,37370,1292370
faceshapedetector.com,https://faceshapedetector.com/,171,0,171
Nursa.com,https://nursa.com/,20430,84,20514
Henrique Centieiro,https://henriquecentieiro.medium.com/,20640000,286,20640286
Green Building Advisor,https://www.greenbuildingadvisor.com/,130899,0,130899
becausemarket.com,https://becausemarket.com/,17250,16330,33580
The AJC,https://www.ajc.com/,1827000,146,1827146
The Washington Post--KidsPost,https://www.washingtonpost.com/lifestyle/kidspost/,21020000,64500,21084500
Voice America,https://www.voanews.com/,1526000,0,1526000
Care,https://www.care.com/,1419999,143600,1563599
VOGUE,https://www.vogue.com/,4261000,4588,4265588
Don't Waste Your Money,https://www.dontwasteyourmoney.com/,982400,19500,1001900
PsychCentral,https://psychcentral.com/,1655000,60,1655060
Wide Open Pets,https://www.wideopenpets.com/,114500,0,114500
A Dime Saved,https://adimesaved.com/,5433,0,5433
The The Well News,https://www.thewellnews.com/,14620,0,14620
TODAY,https://www.today.com/,6989000,23,6989023
Animal Wellness,https://www.wemakepetsbetter.com/,205,0,205
Boldly,https://boldly.com/,5602,0,5602
Pittsburgh Post-Gazette,https://www.post-gazette.com/,760200,0,760200
Daily Mail - Best Buys,https://www.dailymail.co.uk/best-buys/,6203000,0,6203000
CSL,https://www.csl.com/,5141,0,5141
Notifier.so,https://notifier.so/,4502,0,4502
TheBalance.com,https://www.thebalancemoney.com/,3558000,0,3558000
CIO,https://www.cio.com/,329400,0,329400
Twill,https://www.twill.net/,11530,1229,12759
Practical Pain Management Blog,https://www.practicalpainmanagement.com/,118000,0,118000
Hashtagpaid,https://hashtagpaid.com/,14030,2178,16208
o.school,https://www.o.school/,56720,71,56791
Tracksmith,https://www.tracksmith.com/,24040,290,24330
Lantern by SoFi,https://lanterncredit.com/small-business,54770,25860,80630
The Creative Cottage,https://creativecottageretreat.com/,19,0,19
Happify Daily,https://www.happify.com/,51540,614,52154
MyOperator,https://myoperator.com/,2363,0,2363
Prevention magazine,https://www.prevention.com/,1863000,115000,1978000
CQ Researcher,https://library.cqpress.com/cqresearcher/,92040,0,92040
Chicago Caregiving magazine,https://chicagocaregiving.com/,575,0,575
American Express Business Class,https://www.americanexpress.com/en-us/business/trends-and-insights/,2572000,401600,2973600
GetApp,https://www.getapp.com/,3232999,204500,3437499
Long Island Press,https://www.longislandpress.com/,85650,0,85650
MomJunction,https://www.momjunction.com/,1732000,0,1732000
Effective strategies about ecommerce supply chain,https://www.fcbco.com/blog/bid/156247/10-supply-chain-strategies-for-ecommerce-businesses,2763,0,2763
Babylist,https://www.babylist.com/,533000,131900,664900
Teaching Littles,https://www.teachinglittles.com/,19300,0,19300
mic.com,https://www.mic.com/,755300,0,755300
Rose Inc,https://www.roseinc.com/,16440,198,16638
CollegeCovered,https://www.collegecovered.com/,23460,3570,27030
San Diego Magazine Online,https://www.sandiegomagazine.com/,84830,0,84830
Sociality.io,https://sociality.io/,16180,0,16180
Mediatoolkit,https://www.mediatoolkit.com/,10690,1,10691
Prezly,https://www.prezly.com/,20040,0,20040
SimpleTexting,https://simpletexting.com/,67050,12980,80030
AAA Living,https://carolinas.aaa.com/,3252000,548500,3800500
Well + Good,https://www.wellandgood.com/,1638000,3,1638003
WorkLife,https://worklife.org/,310,94,404
Homes & Gardens,https://www.homesandgardens.com/,817200,0,817200
UpJourney,https://upjourney.com/,238900,0,238900
Finding Balance,https://www.findingbalance.com/,891,0,891
Pretty Progressive,https://www.prettyprogressive.com/,3748,0,3748
Russal Gear,https://www.russellathletic.com/,32390,3011,35401
IoT For All,https://www.iotforall.com/,18920,0,18920
Best Life Online,https://bestlifeonline.com/,1815000,0,1815000
Yahoo News,https://news.yahoo.com/,62220000,10340000,72560000
TheWrap,https://www.thewrap.com/,3699000,0,3699000
HealthCentral,https://www.healthcentral.com/,337100,162600,499700
The Epoch Times,https://www.theepochtimes.com/,405000,2849,407849
Sleepopolis,https://sleepopolis.com/,560000,124600,684600
DebtHammer,https://debthammer.org/,11920,0,11920
Databox Blog,https://databox.com/blog,78140,1,78141
Budget Savvy Diva,https://www.budgetsavvydiva.com/,18730,0,18730
U.S. News & World Report,https://www.usnews.com/,33720000,17550,33737550
VEGAMOUR,https://vegamour.com/,59890,20750,80640
National MS Society,https://www.nationalmssociety.org/,262700,30560,293260
HUM Nutrition,https://www.humnutrition.com/,85660,29820,115480
NBC Select,https://www.nbcnews.com/select,10750000,360,10750360
NTD News Today - NTD Television,https://mb.ntd.com/,21620,0,21620
VEGAMOUR - The Vegamour Blog,https://vegamour.com/,59890,20750,80640
Pumpkin.care,https://www.pumpkin.care/,282700,6593,289293
Barchart,https://www.barchart.com/,2079000,73,2079073
Affilimate,https://affilimate.com/,32370,0,32370
SleepFoundation.org,https://www.sleepfoundation.org/,1743000,0,1743000
Website.com Blog,https://blog.website.com/,50030,0,50030
LoveToKnow Media,https://www.lovetoknowmedia.com/,417,0,417
Verywell Family,https://www.verywellfamily.com/,2766000,511,2766511
Realtor.com,https://www.realtor.com/,17030000,3798000,20828000
Salon,https://www.salon.com/,1181000,1,1181001
The Healthy @Reader's Digest,https://www.thehealthy.com/,617800,0,617800
Zapier,https://zapier.com/,2431000,3913,2434913
Marketing tips for Youtube,https://blog.hootsuite.com/youtube-marketing/,2314000,29330,2343330
Fetcher,https://fetcher.ai/,977,2883,3860
www.advancedmixology.com,https://advancedmixology.com/,165300,0,165300
PopNet Media,https://www.popnetmedia.com/,48,0,48
Fraulila,https://fraulila.de/,56,0,56
Women's Health,https://www.womenshealthmag.com/,4612000,132600,4744600
Seeking for Hairstyle academies experts,https://www.aad.org/public/diseases/hair-loss/treatment/tips,1502000,159,1502159
HuffPost,https://www.huffpost.com/,4957000,0,4957000
Matador Network,https://matadornetwork.com/,534300,540,534840
Medscape,https://www.medscape.com/,5573000,7143,5580143
SmartAsset,https://smartasset.com/,2895000,59600,2954600
Wall Street Journal Buy Side,https://www.wsj.com/buyside/home,11090000,161500,11251500
Blog/Book,https://blog.reedsy.com/book-review-blogs/,1312000,3549,1315549
realtor.com,https://www.realtor.com/,17030000,3798000,20828000
The Scary Mommy,https://www.scarymommy.com/,1400000,195,1400195
EcoWatch,https://www.ecowatch.com/,205700,2163,207863
Glowsly,https://glowsly.com/,32840,0,32840
Woman's World,https://www.womansworld.com/,237400,292,237692
Kitchen Science,https://kitchen-science.com/,1081,0,1081
INSIDER,https://www.insider.com/,10890000,0,10890000
The Knot,https://www.theknot.com/,4015000,111300,4126300
CreakyJoints,https://creakyjoints.org/,183000,25840,208840
Vendasta,https://www.vendasta.com/,23120,5835,28955
My Italy,https://www.discovermyitaly.com/,30,0,30
New York Edge,https://newyorkedge.org/,1778,16,1794
MindBodyGreen.com,https://www.mindbodygreen.com/,2768000,2439,2770439
The Charlotte Ledger,https://charlotteledger.substack.com/,1078000,550,1078550
https://www.thisdogslife.co/,https://www.thisdogslife.co/,30530,61,30591
Well+Good,https://www.wellandgood.com/,1638000,3,1638003
Forbes Vetted,https://www.forbes.com/,41480000,610900,42090900
The Boston Globe,https://www.bostonglobe.com/,1572000,551,1572551
Hive,https://hive.com/,91650,4377,96027
AgentAdvice.com,https://www.agentadvice.com/,57390,72,57462
Seeds and Spades,https://www.facebook.com/seedsnspades/,340500000,204200,340704200
Yahoo,https://www.yahoo.com/,62220000,10340000,72560000
The Guardian US,https://www.theguardian.com/us-news,25440000,489,25440489
Insider,https://www.insider.com/,10890000,0,10890000
NEXT Insurance Blog,https://www.nextinsurance.com/blog/next-small-business-guide-survey/,121900,37070,158970
Lower My Bills,https://www.lowermybills.com/,4407,64980,69387
greenprophet.com,https://www.greenprophet.com/,7829,0,7829
Book,https://www.barnesandnoble.com/,10190000,898,10190898
gardeningetc.com,https://www.gardeningetc.com/,152000,0,152000
Techreviewer LLC,https://techreviewer.co/,7299,0,7299
The Gentleman Racer,https://www.thegentlemanracer.com/,14660,0,14660
Go Wellness Co.,https://onthegowellnessspa.com/,71,0,71
WeightWatchers,https://www.weightwatchers.com/us/welcome,613500,227600,841100
Looria,https://www.looria.com/,148800,0,148800
Rocket Homes Blog,https://www.rockethomes.com/blog,933000,2371,935371
USA TODAY NETWORK,https://www.usatoday.com/,21890000,2100,21892100
High Times Online,https://hightimes.com/,159300,0,159300
WDAF FOX 4KC,https://fox4kc.com/,352900,0,352900
HealthLeaders,https://www.healthleadersmedia.com/,90690,0,90690
leena.ai,https://leena.ai/,584,372,956
The Founder' s Corner Podcast - GMR Web Team,https://www.gmrwebteam.com/the-founders-corner,2452,8,2460
MarketWatch,https://www.marketwatch.com/,11060000,148,11060148
eLegal Training,https://www.elegaltraining.com/blog-1,14,0,14
Photutorial,https://photutorial.com/,68740,0,68740
Metro International,https://www.metroairport.com/,88910,0,88910
Woman of Many Roles,https://www.theworldwar.org/learn/women,262900,406,263306
Suggest,https://www.suggest.com/,321000,0,321000
ALIVE Magazine,https://www.alive.com/,3664,125900,129564
The Lama List,https://www1.nyc.gov/site/hpd/services-and-information/mitchell-lama-program.page,6981000,289,6981289
The Costco Connection,https://www.costco.com/costco-connection-online-edition.html,10440000,4897,10444897
Reputation Capital,https://repcap.com/,101,0,101
NTD,https://www.transit.dot.gov/ntd,3283000,821,3283821
Money Magazine,https://money.com/,1522000,123200,1645200
Meridian Fitness,https://hackensackmeridianfitness.com/,1819,0,1819
TripAdvisor,https://www.tripadvisor.com/,74030000,4956000,78986000
Create and Go,https://createandgo.com/,6745,0,6745
National Geographic digital,https://www.nationalgeographic.com/pages/article/digitalaccess,8998000,105600,9103600
Reworked,https://www.reworked.co/,10800,9,10809
The New York Times,https://www.nytimes.com/,52780000,296100,53076100
Food Quality & Safety,https://academic.oup.com/fqs,7927999,409,7928408
Blogger at Sammy Approves (Parenting/Lifestyle),https://sammyapproves.com/simple-guide-starting-your-mom-blog/,6803,0,6803
Fixr.com,https://www.fixr.com/,567400,18,567418
Northeast Meetings + Events,https://ne.meetingsmags.com/,19710,0,19710
The Toronto Sun,https://torontosun.com/,200000,0,200000
ZocDoc,https://www.zocdoc.com/,3876000,64340,3940340
Shopify,https://www.shopify.com/,4438000,863500,5301500
Real Simple,https://www.realsimple.com/,2171000,1,2171001
HerMoney,https://hermoney.com/,26880,0,26880
Neutrogena's The Bar,https://www.neutrogena.com/the-bar.html,150300,68210,218510
National publication/news site,https://time.com/,10050000,13110,10063110
Nurall,https://www.nurall.co/,790,0,790
Parade.com,https://parade.com/,7378000,0,7378000
sleepopolis.com,https://sleepopolis.com/,560000,124600,684600
InsuranceNewsNet,https://insurancenewsnet.com/,82240,0,82240
The Kitchn,https://www.thekitchn.com/,4562000,0,4562000
COSMOPOLITAN,https://www.cosmopolitan.com/,7768000,51090,7819090
SHEFInds.com,https://www.shefinds.com/,251500,0,251500
SingleCare,https://www.singlecare.com/,2014000,42370,2056370
National Mortgage News,https://www.nationalmortgagenews.com/,45930,42,45972
Washington Examiner,https://www.washingtonexaminer.com/,692800,2,692802
Elena Duque Beauty,https://www.elenaduquebeauty.com/,20,0,20
Luxe Luminous,https://luxeluminous.com/,33050,0,33050
Corporate & Incentive Travel,https://corporateincentivetravel.net/,24,0,24
Business News Daily,https://www.businessnewsdaily.com/,2120000,0,2120000
The Dog People,https://www.rover.com/blog/,1632000,75040,1707040
Japanese TV,https://www3.nhk.or.jp/nhkworld/,197800,0,197800
burlap+blue,https://www.burlapandblue.com/,61790,0,61790
James Hardie,https://www.jameshardie.com/,102400,8476,110876
Hackr.io,https://hackr.io/,231400,0,231400
Today Show - WWLP-TV,https://www.wwlp.com/,249600,0,249600
The Strategist - New York,https://nymag.com/strategist/,5667000,50980,5717980
NCOA,https://www.ncoa.org/,246800,7558,254358
Bergen,https://bergen.edu/,85900,0,85900
Teen VOGUE,https://www.teenvogue.com/,2168000,0,2168000
AARP The Magazine,https://www.aarp.org/magazine/,3803000,339100,4142100
MICRODOSE.BUZZ,https://microdose.buzz/,4467,0,4467
Diagnostics World,https://www.diagnosticsworldnews.com/,1082,0,1082
BestLife,https://bestlifeonline.com/,1815000,0,1815000
Runner's World,https://www.runnersworld.com/,1157000,29950,1186950
American Essence,https://www.americanessence.com/,815,0,815
PureWow,https://www.purewow.com/,2572000,0,2572000
The ANA Magazine,https://www.ana.net/magazines/index/id/ana-mag,38870,49,38919
Green Prophet,https://www.greenprophet.com/,7829,0,7829
PASTE MAGAZINE,https://www.pastemagazine.com/,3128000,28,3128028
Uniphore,https://www.uniphore.com/,1393,48,1441
StyleSeat,https://www.styleseat.com/,394200,8658,402858
GoodRx Blog,https://www.goodrx.com/corporate/business/whats-new-at-the-goodrx-blog,7206000,122300,7328300
healthline,https://www.healthline.com/,42810000,92410,42902410
Fatherly,https://www.fatherly.com/,851100,0,851100
coco Spy,https://www.cocospy.com/,6484,0,6484
Trending top ecommerce strategies,https://www.bigcommerce.com/articles/ecommerce/ecommerce-trends/,823800,126500,950300
NextAdvisor,https://time.com/nextadvisor/,10050000,13110,10063110
CyberDegrees,https://www.cyberdegrees.org/,28290,0,28290
Spine Universe,https://www.spineuniverse.com/,392200,0,392200
https://www.businessnewsdaily.com/,https://www.businessnewsdaily.com/,2120000,0,2120000
WF  Review,https://www.wellsfargo.com/privacy-security/fraud/report/phish/,6086000,78680,6164680
The Erickson Senior Living Tribune,https://www.ericksonseniorliving.com/erickson-difference/tribune,21620,731,22351
Medium Blog,https://medium.com/,20640000,286,20640286
V.ceo,https://www.wellsfargo.com/com/ceo/,6086000,78680,6164680
We Love Cats and Kittens,https://welovecatsandkittens.com/,30470,0,30470
YOGA + Life Online,https://yogalifelive.com/,4111,0,4111
Acorns,https://www.acorns.com/,245200,167400,412600
Shawna And Lala,https://www.shawnaandlala.com/,46,0,46
The Toronto Star,https://www.thestar.com/,526400,0,526400
CTW Features - syndicates to newspapers,https://cars.usnews.com/cars-trucks/best-cars-blog/jim-gorzelany,33720000,17550,33737550
Aging in Place,https://aginginplace.org/,136600,0,136600
Diversity Woman Magazine,https://www.diversitywoman.com/,4384,0,4384
Spiceworks Community,https://www.spiceworks.com/,1271000,0,1271000
First For Women,https://www.firstforwomen.com/,75790,85,75875
Ferment Magazine,https://www.beer52.com/ferment,2191,0,2191
Supermetrics,https://supermetrics.com/,43040,3247,46287
Chemistry World,https://www.chemistryworld.com/,191000,1,191001
Mommy's Block Party,http://www.mommysblockparty.co/,5659,0,5659
Health Mart Pharmacy,https://www.healthmart.com/,38840,13,38853
Workramp,https://www.workramp.com/,1665,1622,3287
Allrecipes,https://www.allrecipes.com/,11700000,66,11700066
Network World,https://www.networkworld.com/,356200,0,356200
Kick Off,https://kikoff.com/,4688,12580,17268
https://jpmorgan.com/,https://www.jpmorgan.com/,842400,40180,882580
Disruptor news,https://www.cnbc.com/cnbc-disruptors/,28640000,997,28640997
adventures of a nurse,https://www.adventuresofanurse.com/,46110,0,46110
America's Top Dog Model (R),https://www.americastopdogmodel.com/,146,0,146
WNYU Radio,https://wnyu.org/,941,0,941
Chicago Tribune,https://www.chicagotribune.com/,3267000,22050,3289050
Edible Arrangements,https://www.ediblearrangements.com/,437600,275300,712900
The Spruce Eats,https://www.thespruceeats.com/,7561000,13869,7574869
Measured Insurance,https://measuredinsurance.com/,130,0,130
IAP Career College,https://www.iapcollege.com/,6808,35310,42118
today.com,https://www.today.com/,6989000,23,6989023
Part B News,https://pbn.decisionhealth.com/,11120,558,11678
Psycom,https://www.psycom.net/,558500,960,559460
Design Your Way,https://webdesignsyourway.net/,59,0,59
Self Financial,https://www.self.inc/,77580,48540,126120
Godaddy,https://www.godaddy.com/,1391000,609300,2000300
Yoga Journal,https://www.yogajournal.com/,331800,419,332219
Where The Food Comes From,https://www.wherefoodcomesfrom.com/,536,0,536
Bumper,https://www.bumper.com/,38090,268000,306090
Wakelet,https://learn.wakelet.com/,1489000,18,1489018
Medium.com travel section,https://medium.com/tag/travel,20640000,286,20640286
Social Champ,https://www.socialchamp.io/,21120,0,21120
SearchContentManagement,https://www.techtarget.com/searchcontentmanagement/,10180000,2169,10182169
Finance of America Reverse,https://www.financeofamerica.com/products/,3684,0,3684
RTA Outdoor Living,https://rtaoutdoorliving.com/,24930,8455,33385
Stream.io Blog,https://getstream.io/blog/,27639,2009,29648
Weight Watchers,https://www.weightwatchers.com/us/welcome,613500,227600,841100
Chicago Reader,https://chicagoreader.com/,546400,0,546400
Chiropractic Economics,https://www.chiroeco.com/,55700,0,55700
FinanceBuzz,https://financebuzz.com/,955500,154700,1110200
Yahoo!  Lifestyle Singapore,https://sg.style.yahoo.com/,62220000,10340000,72560000
Unfinished Man,https://www.unfinishedman.com/,8902,0,8902
VerywellFit,https://www.verywellfit.com/,3549000,3725,3552725
Parents.com,https://www.parents.com/,1227000,0,1227000
Buildremote,https://buildremote.co/four-day-week/studies/,6213,0,6213
Colorado Meetings + Events magazine,https://co.meetingsmags.com/,19710,0,19710
FutureLearn,https://www.futurelearn.com/,481200,1042,482242
TechCrunch,https://www.techcrunch.com/,8616000,3921,8619921
Trendy Mom Reviews,https://www.trendymomreviews.com/,348,0,348
Diversity Woman,https://www.diversitywoman.com/,4384,0,4384
The Penny Hoarder,https://www.thepennyhoarder.com/,660100,77790,737890
New York Magazine,https://nymag.com/,5667000,50980,5717980
Search Enterprise AI,https://www.techtarget.com/searchenterpriseai/definition/AI-Artificial-Intelligence,10180000,2169,10182169
Woman Engineer,https://swe.org/,43210,8,43218
Eddie,https://www.eddiebauer.com/,210600,359700,570300
Drug Topics,https://www.drugtopics.com/,44700,0,44700
ramp,https://ramp.com/,46750,53240,99990
ARCHITECTURAL DIGEST,https://www.architecturaldigest.com/,2232000,2885,2234885
KING-TV,https://www.king5.com/,718000,0,718000
Gim.me,https://www.gimmesnacks.com/,3209,122,3331
Newsdsay,https://www.newsday.com/,439700,3,439703
The Checkup by SingleCare,https://www.singlecare.com/,2014000,42370,2056370
Lightspeed,https://www.lightspeedhq.com/,156400,29859,186259
The Times Picayune / The New Orleans Advocate,https://www.nola.com/,1044000,103,1044103
GoVisaFree,https://govisafree.com/,21970,0,21970
Bob Vila,https://www.bobvila.com/,5470000,0,5470000
Go Banking Rates,https://www.gobankingrates.com/,4104999,23100,4128099
The SingleCare Blog,https://www.singlecare.com/,2014000,42370,2056370
Santander Bank,https://www.santanderbank.com/,272700,1010,273710
Expertise,https://www.expertise.com/,1363000,0,1363000
BriteCo,https://brite.co/,5397,4043,9440
RelaxingDecor,https://relaxingdecor.com/,2140,0,2140
Black Press USA,https://nnpa.org/black-press-usa/,2955,0,2955
Newsbreak,https://www.newsbreak.com/,1463000,281,1463281
FOX NEWS,https://www.foxnews.com/,6124000,3103,6127103
mrc's Cup of Joe Blog,https://www.mrc-productivity.com/blog/,2661,4,2665
TheHealthy @Reader's Digest,https://www.thehealthy.com/,617800,0,617800
Kars4Kids Parenting,https://parenting.kars4kids.org/,23250,53740,76990
New York Times,https://www.nytimes.com/,52780000,296100,53076100
AskMen.com - AskMen UK,https://www.askmen.com/,384200,0,384200
FamilyVacationist,https://familyvacationist.com/,111400,0,111400
roundup,https://www.roundup.com/en-us,30059,12450,42509
TripSavvy,https://www.tripsavvy.com/,2481000,6261,2487261
Taste of Home,https://www.tasteofhome.com/,7017000,1555,7018555
Woman’s World,https://www.womansworld.com/,237400,292,237692
BET.com,https://www.bet.com/,1010000,2,1010002
Becker's Healthcare,https://www.beckershospitalreview.com/,348400,0,348400
Innovating For Diversity,https://susannetedrick.com/announcing-new-book-innovating-for-diversity/,40,0,40
The Saturday Evening Post,https://www.saturdayeveningpost.com/,65980,769,66749
Dropshipping strategies to promote business,https://www.shopify.com/blog/how-to-start-dropshipping,4438000,863500,5301500
Better Topics Blog,https://www.quicksprout.com/blog-topics-and-ideas/,242200,0,242200
The Forecast by Nutanix,https://www.nutanix.com/theforecastbynutanix,104500,6995,111495
USA Today Magazines,https://www.usatoday.com/,21890000,2100,21892100
Sputnik International,https://sputniknews.com/,54450,0,54450
Bluebeam,https://www.bluebeam.com/,70590,2688,73278
Effective strategies for developing dropshipping business,https://blog.wishpond.com/post/115675438269/dropshipping-marketing,69530,34,69564
NetHunt CRM Blog,https://nethunt.com/blog/tag/crm/,29809,1,29810
Wealthofgeeks,https://wealthofgeeks.com/,227900,0,227900
Develop Secure Software,https://csrc.nist.gov/Projects/ssdf,2572999,0,2572999
Prevention Magazine,https://www.prevention.com/,1863000,115000,1978000
Spark Hire HR Blog,https://hr.sparkhire.com/,15570,210,15780
barandrestaurant.com,https://www.barandrestaurant.com/,23130,0,23130
Dogster,https://www.dogster.com/,203000,0,203000
Hunker,https://www.hunker.com/,2172000,0,2172000
BuzzFeed,https://www.buzzfeed.com/,7260000,7,7260007
Peak Freelance,https://peakfreelance.com/,3043,0,3043
Real Estate Business Magazine,https://www.rebinstitute.com/rebmagazine,1504,0,1504
Westchester Magazine,https://westchestermagazine.com/,91740,0,91740
Raconteur/The Times of London,https://www.raconteur.net/,16180,0,16180
QSRweb.com,https://www.qsrweb.com/,36540,0,36540
The Cooperator,https://cooperatornews.com/,10580,0,10580
Home Office Hacks,https://arstechnica.com/information-technology/2022/06/workspace-hacks/,2668000,0,2668000
The Daily Beast,https://www.thedailybeast.com/,3070000,0,3070000
Muffy's Fitness Blog,https://muffyruns.wordpress.com/,17,0,17
AirHelp Blog,https://www.airhelp.com/en/,30020,253,30273
Optum Store blog,https://store.optum.com/blog/,501600,67820,569420
Pipeline & Gas Journal,https://pgjonline.com/,4393,0,4393
First Report Managed Care,https://www.hmpgloballearningnetwork.com/site/frmc,294000,370,294370
Trip Savvy,https://www.tripsavvy.com/,2481000,6261,2487261
CX Network,https://www.cxnetwork.com/,3337,14,3351
TradeSanta blog,https://tradesanta.com/blog/,7627,0,7627
Rover App,https://www.rover.com/,1632000,75040,1707040
Welcome to the Jungle,https://www.welcometothejungle.com/en,37660,0,37660
Reader's DigestDue Date: 2022-09-05,,,,
Techopedia,https://www.techopedia.com/,1411000,0,1411000
The Alcohol Professor,https://www.alcoholprofessor.com/,21020,0,21020
Emotional Intelligence Magazine,https://www.indiegogo.com/projects/emotional-intelligence-magazine,671600,16370,687970
Missy's Product Reviews,http://www.missysproductreviews.com/,2577,0,2577
Upcoming Blog / Freelance article,https://www.greengeeks.com/blog/blog-freelance-website-content/,298400,5644,304044
Curl Magazine,https://readcurl.com/curlstylists/,1946,0,1946
Mobile App,https://www.fema.gov/about/news-multimedia/mobile-products,1659000,271,1659271
DevSkiller,https://devskiller.com/,13390,0,13390
Outsource Accelerator News,https://news.outsourceaccelerator.com/,20060,873,20933
BDTechTalks and VR Heaven,https://bdtechtalks.com/2021/06/07/deepmind-artificial-intelligence-reward-maximization/,19660,0,19660
Inland Valley News,https://www.dailybulletin.com/,94850,0,94850
Pearllemon PR,https://pearllemonpr.com/,98,0,98
AARP Magazine,https://www.aarp.org/,3803000,339100,4142100
Real Girl Puberty Magazine,https://realgirlpuberty.com/real-girl-puberty-magazine/,2,0,2
Asana,https://asana.com/,696500,40740,737240
Boston Globe,https://www.bostonglobe.com/,1572000,551,1572551
ESPN LA-Affiliated Radio Show,https://www.espn.com/espnradio/,32670000,416900,33086900
Fast Casual,https://www.fastcasual.com/,74680,0,74680
Gothamist,https://gothamist.com/,548100,1550,549650
Euronewsweek,https://euronewsweek.co.uk/,199,0,199
Freelance,https://www.fiverr.com/,2179000,415700,2594700
BioPharma Dive,https://www.biopharmadive.com/,59660,0,59660
GoSkills,https://www.goskills.com/,281100,3881,284981
online pet website,https://www.petsmart.com/,3227000,1195000,4422000
Online pet website,https://www.petsmart.com/,3227000,1195000,4422000
Splunk Learn,https://www.splunk.com/en_us/training.html,298700,7655,306355
Forbes Home,https://www.forbes.com/,41480000,610900,42090900
Boston Institute of Nonprofit Journalism,https://binjonline.com/,1460,0,1460
The Close,https://theclose.com/,139900,0,139900
cybersectors,http://cybersectors.com/,6152,0,6152
TechBeacon,https://techbeacon.com/,54150,0,54150
TravelAwaits,https://www.travelawaits.com/,475400,0,475400
Marathon Handbook,https://marathonhandbook.com/,204800,0,204800
Outranking (AI SEO Content Platform),https://www.outranking.io/,5886,15,5901
Creators Syndicate,https://www.creators.com/,41650,0,41650
THE WELL,https://www.the-well.com/,15300,60,15360
WSJ Buy Side,https://www.wsj.com/buyside/home,11090000,161500,11251500
Communique Media,https://www.sec.gov/news/press-release/2013-2013-51htm,3284000,0,3284000
Credit Sesame,https://www.creditsesame.com/,86560,182100,268660
The Fuss,https://wtftechsolutions.com/,88,0,88
Creative Innovation Goup,https://creativeinnovationgroup.com/,66,0,66
The Elks Magazine,https://www.elks.org/elksmag/,71600,0,71600
The Wellnest,https://www.wellnestla.org/,334,0,334
Sustainable Brands,https://sustainablebrands.com/,30500,26,30526
Digital Guardian,https://digitalguardian.com/,85140,81,85221
Dorik.com,https://dorik.com/,143,0,143
Indy1000/The Independent,https://www.indy100.com/,462200,0,462200
Encyclopedia Brittanica,https://www.britannica.com/,100300000,47,100300047
Good Land Home,https://www.usd352.org/,575,0,575
LifeEXperienced.com,https://lifeexperienced.com/,96,0,96
PSYCHEDELICSPOTLIGHT.COM,https://psychedelicspotlight.com/,17620,0,17620
Amex,https://www.americanexpress.com/,2572000,401600,2973600
TheBody,https://www.thebody.com/,72520,958,73478
www.pet-orama.com,https://pet-orama.com/,558,167,725
EndPoint,https://www.endpoint.com/,3564,0,3564
Insurance & Financial Meetings Management,https://www.themeetingmagazines.com/insurance-financial-meetings-management/,1489,0,1489
Real Estate Web,https://www.zillow.com/,19790000,2693000,22483000
Liquor.com,https://www.liquor.com/,1383000,6895,1389895
Health Investment News,https://www.healthcarefinancenews.com/,99560,0,99560
Supply Management (Online),https://www.ismworld.org/,12790,339,13129
TPR Teaching,https://www.tprteaching.com/,39250,0,39250
Progressive,https://www.progressive.com/,1554000,859700,2413700
Jersey Family Fun,https://www.jerseyfamilyfun.com/,96810,0,96810
DECRA Metal Roofing,https://www.decra.com/,6919,0,6919
Findin g Balance,https://www.findingbalance.com/,891,0,891
CRM,https://www.salesforce.com/,2134000,77050,2211050
Tech.co,https://tech.co/,276300,15709,292009
Ziply Fiber,https://ziplyfiber.com/,33340,83970,117310
Domino,https://www.dominos.com/en/,5511000,761900,6272900
Casino.org,https://www.casino.org/,402900,0,402900
zinc,https://www.zinclearninglabs.com/,1329,0,1329
College Confidential,https://www.collegeconfidential.com/,774700,0,774700
Serpstat,https://serpstat.com/,16380,91,16471
Modern Mom,https://www.modernmom.com/,15300,0,15300
jacquelinedemarco.com,http://www.jacquelinedemarco.com/,51,0,51
Reuters Video News,https://reuters.com/,13580000,1217,13581217
Strategy about youtube marketing in 2022,https://blog.hootsuite.com/youtube-marketing/,2314000,29330,2343330
Elo Health,https://www.elo.health/,21100,711,21811
Roadshow - CNET,https://www.cnet.com/roadshow/,23790000,15090,23805090
Credello,https://www.credello.com/,19000,151,19151
Loganix,https://loganix.com/,9043,328,9371
The Lifestyle Blogger UK,https://thelifestylebloggeruk.com/,82,0,82
WorkRamp,https://www.workramp.com/,1665,1622,3287
Frederick Benjamin Grooming,https://shop.frederickbenjamin.com/,4445,4,4449
TED: The Electrical Distributor Magazine,https://tedmag.com/,6308,0,6308
Brookdale senior center,https://www.brookdale.com/en.html,149900,7973,157873
Media Diversity Institute,https://www.media-diversity.org/,3557,0,3557
Contently,https://contently.com/,75040,0,75040
Fabulous,https://www.thefabulous.co/,18480,536,19016
Startupill,https://twitter.com/startupill?lang=en,138600000,1593,138601593
USNews and World Report,https://www.usnews.com/,33720000,17550,33737550
Leapdroid,https://leapdroid.com/,3062,0,3062
Tillful,https://www.tillful.com/,3151,18810,21961
Axos Bank,https://www.axosbank.com/,85870,4033,89903
The Balance Careers,https://www.thebalancemoney.com/career-planning-6265513,3558000,0,3558000
Blockster,https://blockster.com/,3805,0,3805
Territory Supply,https://www.territorysupply.com/,240200,0,240200
Annuity.org Blog,https://www.annuity.org/,166000,4,166004
Luxury Lifestyle Magazine,https://theluxurylifestylemagazine.com/,1429,0,1429
Planable.io,https://planable.io/,19100,330,19430
Super ideas about digital marketing,https://www.wordstream.com/blog/ws/2014/06/12/marketing-ideas,1062000,28930,1090930
HGTV.com,https://www.hgtv.com/,3677000,20770,3697770
Gannett YES,https://www.gannett.com/brands/,16990,0,16990
www.kapitus.com/blog,https://kapitus.com/blog/,3222,14420,17642
offsitedirt.com,https://www.offsitedirt.com/,17,0,17
leafly.com,https://www.leafly.com/,2297000,0,2297000
Lonely Planet,https://www.lonelyplanet.com/,2171000,705,2171705
LeafScore,https://www.leafscore.com/about-us/,84220,0,84220
Via magazine (digital),https://www.forbes.com/,41480000,610900,42090900
8fig.co Blog and eBook,https://www.8fig.co/seller-stories/,365,3627,3992
Social Tables,https://www.socialtables.com/,104200,572,104772
Parade Online,https://parade.com/,7378000,0,7378000
Insurance.com,https://www.insurance.com/,98930,341500,440430
Thought Catalog,https://thoughtcatalog.com/,941200,0,941200
various,https://99designs.com/blog/web-digital/types-of-websites/,1394000,17210,1411210
Emily Morgan,https://www.emilymorganhotel.com/,3200,45,3245
Ideas+Info,https://www.homeideasinfo.com/,1283,0,1283
LakeLubbers.com,https://lakelubbers.com/,41350,0,41350
Sociobits,https://www.sociobits.org/,525,0,525
Analysis of online marketing in 2022,https://www.hubspot.com/marketing-statistics,7398000,22940,7420940
Purse Blog,https://www.purseblog.com/,129500,0,129500
Bitwarden blog,https://bitwarden.com/blog/,104700,243,104943
HABIBI,https://forhabibi.com/,1807,60,1867
Deal Flow,https://dealflowbrokerage.com/,1779,0,1779
Malleeblue,https://www.malleeblue.com/,1962,0,1962
LIVESTRONG,https://www.livestrong.com/,2531000,0,2531000
1851 Franchise Magazine,https://1851franchise.com/,37560,0,37560
Raosunshine,https://www.justdial.com/Hyderabad/Dr-P-N-Rao-Sunshine-Hospitals-Opposite-Parsi-Daramsala-Behind-Paradise-Hotel-Secunderabad/040PXX40-XX40-170602150850-Q2Y9_BZDET,1380000,4,1380004
The Good Trade,https://www.thegoodtrade.com/,300100,22,300122
Yahoo 7 Lifestyle,https://www.yahoo.com/lifestyle/,62220000,10340000,72560000
Prism Reports,https://prismreports.org/,10050,0,10050
Sierra Rec Magazine,https://sierrarecmagazine.com/,8755,0,8755
International Property Media,https://propertyawards.net/,97,0,97
clinicspots.com,https://www.clinicspots.com/,9613,1,9614
Youth Today Online,https://youthtoday.org/,4952,0,4952
Studio Gannett/USA Today Magazines,https://www.gannett.com/,16990,0,16990
Better Homes & Gardens,https://www.bhg.com/,3269000,2407,3271407
STiR Tea & Coffee,https://stir-tea-coffee.com/,2075,0,2075
The SOMM Journal,https://www.sommjournal.com/,817,0,817
Late Shipment,https://www.lateshipment.com/,7660,0,7660
AAA Northeast,https://northeast.aaa.com/,3252000,548500,3800500
Persuasion by the Pint,https://persuasionbythepint.com/contact-us/,89,0,89
The Arrow,https://www.arrow.com/,310800,3202,314002
Journeywoman,https://journeywoman.com/,4117,81,4198
Studio/B - Boston Globe Media Partners (sponsored content),https://www.bostonglobemedia.com/brands/studiob/,5079,0,5079
Finance Magnates,https://www.financemagnates.com/,62720,0,62720
Looking for strategies for ecommerce marketing,https://www.shopify.com/blog/ecommerce-marketing,4438000,863500,5301500
Livability,https://livability.com/,164200,1608,165808
VentureBeat,https://venturebeat.com/,1678000,260,1678260
